0 3 453 395 1 222 968 568 615 2 , 815034, 575.525
0 3 453 395 1 222 968 568 615 2 , 815034, 575.721
1 0 432 568 3 2 453 615 395 222 , 817965, 572.811
1 0 432 568 3 2 453 615 395 222 , 817965, 572.789
615 222 800 432 2 395 453 1 3 0 , 817823, 573.875
615 222 800 432 2 395 453 1 3 0 , 817823, 574.597
0 737 568 1 432 3 453 2 817 222 , 817273, 577.474
682 432 1 538 2 825 568 960 222 0 , 804290, 581.198
3 395 1 615 453 568 2 222 432 0 , 817965, 580.108
311 817 568 222 1 682 0 3 453 2 , 814685, 589.298
1 453 737 0 395 568 2 432 3 222 , 817826, 574.913
3 453 568 432 615 222 0 1 395 2 , 817965, 587.308
1 568 2 432 222 615 453 3 0 395 , 817965, 570.49
3 453 2 0 615 395 1 222 568 432 , 817965, 583.177
568 817 453 311 222 682 3 0 2 1 , 814685, 580.22
1 222 568 2 737 432 0 3 817 453 , 817273, 584.073
453 3 615 0 395 2 432 568 1 222 , 817965, 579.074
0 222 3 2 453 432 568 1 395 615 , 817965, 588.733
1 203 568 2 0 858 960 886 682 432 , 805588, 576.985
453 395 0 615 3 2 432 568 1 222 , 817965, 576.85
817 568 1 2 682 0 222 3 311 453 , 814685, 583.076
432 0 3 395 222 568 615 2 1 453 , 817965, 581.701
615 222 432 2 1 568 3 0 395 453 , 817965, 582.692
1 453 2 3 568 432 222 395 615 0 , 817965, 586.248
737 0 1 568 222 432 453 2 3 395 , 817826, 518.823
737 0 1 568 222 432 453 2 3 395 , 817826, 519.083
615 858 0 2 1 453 395 568 432 3 , 817722, 539.132
615 858 0 2 1 453 395 568 432 3 , 817722, 539.323
615 858 0 2 1 453 395 568 432 3 , 817722, 539.42
615 858 0 2 1 453 395 568 432 3 , 817722, 540.689
222 960 1 568 432 886 0 203 682 2 , 805831, 538.114
222 960 1 568 432 886 0 203 682 2 , 805831, 539.076
2 615 395 568 222 1 0 432 453 3 , 817965, 571.063
2 615 395 568 222 1 0 432 453 3 , 817965, 571.008
2 615 395 568 222 1 0 432 453 3 , 817965, 571.126
222 1 568 2 682 453 311 3 0 817 , 814685, 574.035
615 568 0 222 1 432 453 3 2 395 , 817965, 537.087
222 1 568 3 968 395 615 0 453 2 , 815034, 547.861
858 960 2 615 432 0 3 395 568 1 , 817251, 563.987
858 960 2 615 432 0 3 395 568 1 , 817251, 564.427
568 817 2 682 3 222 0 453 1 311 , 814685, 570.859
737 568 432 3 2 453 0 1 222 395 , 817826, 571.747
2 568 311 453 682 3 0 222 817 1 , 814685, 544.509
615 432 3 2 960 0 1 222 568 395 , 817494, 537.399
395 568 453 2 1 0 615 222 3 432 , 817965, 558.991
1 395 432 568 3 453 0 222 2 615 , 817965, 574.697
1 395 432 568 3 453 0 222 2 615 , 817965, 574.306
1 395 432 3 615 453 2 568 222 0 , 817965, 568.139
453 3 0 682 568 311 1 2 817 222 , 814685, 525.542
395 222 0 1 453 568 432 2 737 3 , 817826, 533.11
222 3 2 960 432 1 839 0 568 615 , 815843, 570.941
858 395 453 568 615 1 2 0 432 3 , 817722, 570.417
1 568 453 2 969 682 432 222 0 817 , 812243, 575.83
1 568 453 2 969 682 432 222 0 817 , 812243, 575.822
0 311 488 568 222 817 1 682 3 2 , 813880, 528.402
960 395 2 1 3 568 0 222 432 615 , 817494, 519.692
453 615 222 0 2 568 432 1 3 395 , 817965, 559.429
453 615 222 0 2 568 432 1 3 395 , 817965, 559.952
395 432 1 615 0 568 2 222 453 3 , 817965, 573.773
453 615 222 0 2 568 432 1 3 395 , 817965, 560.013
453 0 432 615 2 1 395 3 568 858 , 817722, 531.052
453 2 311 1 0 568 222 817 682 3 , 814685, 537.912
0 3 1 858 311 817 2 568 682 453 , 814442, 564.018
0 3 1 858 311 817 2 568 682 453 , 814442, 564.461
453 2 858 568 432 1 395 0 3 615 , 817722, 569.335
453 2 858 568 432 1 395 0 3 615 , 817722, 569.129
222 0 568 1 432 2 3 615 395 453 , 817965, 536.852
395 1 615 2 432 3 453 568 222 0 , 817965, 542.194
453 568 222 432 2 1 615 3 0 395 , 817965, 566.385
453 568 222 432 2 1 615 3 0 395 , 817965, 566.018
453 615 222 432 1 2 3 568 0 395 , 817965, 566.391
453 615 222 432 1 2 3 568 0 395 , 817965, 566.332
222 2 737 3 568 817 432 0 453 1 , 817273, 536.267
3 395 453 1 432 0 222 568 2 615 , 817965, 534.852
4 1 113 311 817 568 0 682 2 3 , 809922, 572.544
4 1 113 311 817 568 0 682 2 3 , 809922, 572.62
568 2 3 817 1 36 222 453 0 311 , 813471, 578.814
568 2 3 817 1 36 222 453 0 311 , 813471, 579.133
3 0 737 568 817 222 432 2 1 453 , 817273, 534.719
3 615 2 0 395 800 1 968 453 222 , 814892, 539.431
568 3 222 1 453 395 615 968 2 0 , 815034, 564.932
568 3 222 1 453 395 615 968 2 0 , 815034, 565.278
615 3 568 395 4 0 2 432 1 113 , 812756, 557.864
222 2 432 1 395 453 568 3 615 0 , 817965, 574.736
568 222 311 2 682 0 1 817 453 3 , 814685, 539.591
2 453 432 568 1 0 395 615 3 222 , 817965, 534.415
3 432 568 222 0 1 615 2 453 395 , 817965, 572.087
682 222 0 311 568 453 3 2 410 1 , 811696, 578.42
682 222 0 311 568 453 3 2 410 1 , 811696, 578.288
568 3 0 682 311 222 1 817 2 453 , 814685, 566.819
0 568 432 2 395 615 453 1 222 3 , 817965, 540.219
682 311 222 817 453 3 0 568 1 2 , 814685, 547.816
2 432 0 453 395 615 568 3 1 222 , 817965, 564.492
568 615 453 432 395 3 222 1 0 2 , 817965, 574.227
568 615 453 432 395 3 222 1 0 2 , 817965, 574.206
432 395 2 0 1 222 615 568 453 3 , 817965, 571.471
1 0 432 453 615 3 568 395 222 2 , 817965, 541.745
3 817 568 1 222 453 2 311 682 0 , 814685, 540.754
568 1 311 817 2 682 222 3 453 0 , 814685, 491.535
222 0 568 2 453 3 615 1 432 395 , 817965, 489.099