839 432 1 3 960 222 2 568 615 0 , 815843, 40.7565
1 568 311 3 222 2 682 0 453 817 , 814685, 41.423
568 432 1 395 960 0 2 222 615 3 , 817494, 40.8565
0 222 3 615 432 568 2 960 1 839 , 815843, 41.3795
0 568 453 395 2 615 222 1 3 432 , 817965, 40.5049
432 1 0 395 615 3 453 568 2 222 , 817965, 40.3559
0 432 453 2 222 3 568 615 1 395 , 817965, 40.4106
395 1 2 0 453 800 222 3 432 615 , 817823, 41.4435
0 2 1 222 395 432 453 568 615 3 , 817965, 40.4619
222 2 568 1 538 432 0 682 960 825 , 804290, 41.9122
395 2 568 453 432 1 222 3 0 615 , 817965, 41.6034
0 395 453 568 222 432 2 3 615 1 , 817965, 41.2535
222 1 453 2 568 615 0 432 395 3 , 817965, 41.9561
1 432 453 2 568 0 395 3 222 615 , 817965, 41.4086
2 311 453 0 3 568 222 36 1 817 , 813471, 40.3108
2 960 1 222 568 395 3 615 0 432 , 817494, 41.4778
395 222 1 2 0 3 615 432 453 568 , 817965, 40.4039
1 432 568 2 0 222 3 395 615 453 , 817965, 40.5634
0 1 2 3 453 432 817 737 222 568 , 817273, 40.6446
615 0 453 432 395 2 3 568 858 1 , 817722, 41.7675
615 2 3 395 0 432 453 222 1 568 , 817965, 41.5983
615 3 1 432 2 0 568 453 395 222 , 817965, 41.7303
3 1 222 568 0 839 2 615 960 432 , 815843, 40.7169
1 568 222 3 432 0 453 395 615 2 , 817965, 41.5831
453 311 568 682 817 3 0 2 1 222 , 814685, 40.5771
395 0 858 432 1 3 2 615 568 453 , 817722, 40.5379
1 568 453 222 3 2 615 395 432 0 , 817965, 41.2691
453 0 395 432 3 1 2 568 615 222 , 817965, 40.8033
432 395 2 453 222 1 0 568 3 615 , 817965, 40.3933
3 0 615 432 568 2 1 453 395 222 , 817965, 40.3488
222 615 2 3 1 0 800 395 968 453 , 814892, 40.3594
568 453 1 222 2 615 395 0 432 3 , 817965, 41.6744
2 3 568 395 615 0 453 222 432 1 , 817965, 41.4527
1 0 395 615 3 568 432 453 2 222 , 817965, 40.3318
395 568 2 3 1 432 453 737 222 0 , 817826, 41.1805
2 432 453 222 1 737 0 817 3 568 , 817273, 41.5538
615 960 0 395 432 568 222 2 1 3 , 817494, 40.6246
222 0 432 2 568 395 453 3 1 737 , 817826, 41.3568
3 615 0 395 960 432 222 1 800 2 , 817352, 41.7722
568 1 615 453 432 395 0 2 222 3 , 817965, 41.5095
0 1 2 222 432 453 3 800 395 615 , 817823, 40.3862
432 615 395 1 2 453 0 568 3 858 , 817722, 41.2771
311 3 2 222 817 453 568 1 682 0 , 814685, 41.5905
432 0 1 2 568 360 3 395 615 113 , 809081, 40.6529
395 3 453 968 2 1 222 568 615 0 , 815034, 41.2141
3 0 222 395 1 2 615 453 568 432 , 817965, 40.4411
222 3 2 395 432 453 615 568 1 0 , 817965, 41.1698
1 960 2 615 3 432 395 568 222 0 , 817494, 41.7877
568 1 0 432 222 3 395 2 615 453 , 817965, 41.6192
3 1 0 568 817 2 222 311 453 682 , 814685, 40.7839
3 1 682 2 222 453 311 568 0 817 , 814685, 41.3251
615 453 568 2 3 432 0 222 395 1 , 817965, 41.4017
1 0 395 2 568 3 453 615 968 222 , 815034, 41.5075
3 1 960 0 2 395 222 568 432 615 , 817494, 40.411
568 3 2 222 395 615 432 1 453 0 , 817965, 41.5876
858 615 960 568 3 432 1 2 395 0 , 817251, 41.6324
568 395 1 615 432 3 453 222 0 2 , 817965, 40.6854
615 1 568 2 395 432 222 3 453 0 , 817965, 42.7805
615 1 222 968 568 453 395 3 2 0 , 815034, 41.6615
2 1 222 568 432 3 737 395 0 453 , 817826, 40.8227
453 1 615 222 0 395 432 568 3 2 , 817965, 41.546
2 453 568 222 0 3 395 1 432 615 , 817965, 41.2096
1 222 432 568 615 2 0 3 395 960 , 817494, 40.4219
2 0 222 1 3 568 737 395 960 432 , 817355, 40.607
0 222 395 432 2 453 3 568 615 1 , 817965, 41.2904
2 311 222 0 568 817 453 682 3 1 , 814685, 40.5796
2 395 0 222 432 1 615 568 453 3 , 817965, 41.4024
568 3 453 432 2 0 817 737 1 222 , 817273, 40.6111
0 222 3 817 311 682 568 1 2 453 , 814685, 40.5738
0 2 3 453 222 1 568 395 432 615 , 817965, 40.3702
1 568 3 817 2 0 453 222 311 682 , 814685, 41.1497
222 568 615 3 2 432 0 395 1 453 , 817965, 41.4803
453 222 568 395 615 0 432 1 3 2 , 817965, 41.5125
222 1 615 0 453 432 3 568 2 395 , 817965, 41.4659
615 568 453 0 2 3 395 432 222 1 , 817965, 41.772
615 222 453 395 3 432 2 1 0 568 , 817965, 40.6959
615 3 1 0 432 222 395 453 2 568 , 817965, 40.8433
395 3 0 1 222 453 432 2 615 568 , 817965, 41.3401
432 2 737 395 0 222 1 3 568 453 , 817826, 41.4078
0 568 395 2 615 1 222 432 3 453 , 817965, 40.4419
453 2 568 3 1 0 682 222 817 311 , 814685, 41.4008
3 222 395 432 1 2 960 568 615 0 , 817494, 41.3746
0 3 222 2 817 568 453 432 1 737 , 817273, 40.5369
395 2 453 432 0 1 737 222 568 3 , 817826, 41.7658
2 1 432 395 0 615 3 568 222 453 , 817965, 40.59
0 395 1 568 222 737 453 432 3 2 , 817826, 41.4655
568 222 453 2 3 1 615 0 432 395 , 817965, 41.3369
615 568 432 0 2 3 395 1 222 453 , 817965, 41.0197
1 568 453 3 2 432 222 395 615 0 , 817965, 40.4059
1 568 615 0 432 395 222 453 3 2 , 817965, 40.5377
615 568 222 2 432 0 395 453 1 3 , 817965, 42.2244
453 615 2 3 222 395 568 1 0 432 , 817965, 40.4628
453 682 817 3 0 568 2 222 311 1 , 814685, 41.5781
432 615 453 1 3 222 2 395 0 568 , 817965, 41.1501
1 3 2 395 432 222 453 568 615 0 , 817965, 40.3733
0 615 3 395 222 960 2 432 568 1 , 817494, 41.6852
0 453 432 1 568 3 222 395 2 615 , 817965, 40.7458
3 453 568 615 432 0 2 1 222 395 , 817965, 40.4815
395 1 453 3 568 2 615 0 432 222 , 817965, 42.6238
615 0 1 4 3 2 800 395 432 113 , 812614, 40.5885