3 222 2 1 568 395 0 432 453 615 , 817965, 289.991
1 222 682 453 311 0 568 3 2 817 , 814685, 289.389
1 568 682 538 432 0 960 858 2 825 , 804047, 290.086
1 568 615 222 2 0 453 3 432 395 , 817965, 292.304
1 222 682 568 2 0 311 3 453 817 , 814685, 294.112
311 3 817 1 222 682 0 2 453 568 , 814685, 297.85
222 960 615 968 0 568 2 3 1 395 , 814563, 286.841
568 113 682 203 432 0 1 2 4 286 , 802400, 289.622
3 453 2 432 568 222 1 0 737 395 , 817826, 291.976
960 3 615 432 0 568 2 858 1 839 , 815600, 295.056
615 1 2 3 395 222 432 453 0 568 , 817965, 291.815
432 0 3 960 1 2 222 242 568 615 , 815577, 294.922
395 0 432 568 2 3 1 615 222 453 , 817965, 288.775
0 2 1 682 453 3 817 568 222 311 , 814685, 291.782
395 800 615 1 2 0 432 3 222 453 , 817823, 295.464
839 0 568 222 615 1 432 3 960 2 , 815843, 302.831
2 222 0 453 395 568 1 3 615 432 , 817965, 295.334
453 2 0 682 311 568 222 1 3 817 , 814685, 296.014
0 2 568 1 453 3 222 395 615 432 , 817965, 294.131
3 1 2 943 0 113 4 568 432 615 , 812873, 291.605
800 1 960 3 615 839 0 222 432 2 , 815701, 295.66
615 453 2 968 3 395 222 1 568 0 , 815034, 299.209
395 1 3 432 0 737 568 222 453 2 , 817826, 297.107
0 222 1 568 2 453 615 3 432 395 , 817965, 294.053
432 568 222 1 0 615 3 2 395 453 , 817965, 291.846
2 432 568 395 453 222 615 3 1 0 , 817965, 288.375
3 0 311 1 817 36 568 453 222 2 , 813471, 298.559
222 3 395 2 1 453 0 568 615 432 , 817965, 295.062
432 3 568 2 1 453 0 222 615 395 , 817965, 297.022
568 0 1 222 3 395 453 432 2 615 , 817965, 295.002
453 3 1 0 568 395 222 615 432 2 , 817965, 291.961
737 453 432 2 568 3 0 222 1 817 , 817273, 290.591
568 395 1 0 615 3 2 453 222 432 , 817965, 288.607
615 432 1 2 568 222 0 395 453 3 , 817965, 293.885
568 615 453 1 222 395 432 0 2 3 , 817965, 294.166
2 568 682 817 453 858 1 0 311 3 , 814442, 295.604
2 432 0 3 568 615 222 395 453 1 , 817965, 293.085
1 311 2 3 222 0 682 568 817 453 , 814685, 291.016
453 3 0 2 568 222 395 737 432 1 , 817826, 294.797
2 0 568 1 395 3 615 453 858 432 , 817722, 294.334
2 453 0 858 432 615 395 3 568 1 , 817722, 297.19
222 453 615 3 0 1 395 432 568 2 , 817965, 294.636
0 222 432 1 395 568 453 3 2 737 , 817826, 287.629
0 817 4 568 2 311 1 3 113 682 , 809922, 293.713
3 222 0 615 432 453 2 1 395 568 , 817965, 293.912
0 615 395 453 222 1 568 2 432 3 , 817965, 296.214
817 222 1 682 568 311 453 0 2 3 , 814685, 292.048
682 2 453 858 0 311 568 410 1 3 , 811453, 295.929
568 615 222 432 1 2 3 453 395 0 , 817965, 290.455
615 453 37 222 395 432 3 2 0 1 , 817756, 290.281
538 858 568 453 0 2 682 432 1 943 , 803532, 288.506
1 222 311 2 568 817 453 3 0 682 , 814685, 290.573
0 432 615 453 568 3 2 222 1 395 , 817965, 291.137
395 3 568 1 432 0 453 2 222 615 , 817965, 305.645
453 395 432 568 3 0 1 2 222 615 , 817965, 286.981
453 1 615 568 2 395 432 3 222 0 , 817965, 293.673
615 453 1 568 395 3 432 0 2 222 , 817965, 289.902
3 615 2 453 395 568 0 1 432 222 , 817965, 292.452
1 3 0 2 568 395 615 222 432 453 , 817965, 289.635
0 568 395 615 453 432 3 222 2 1 , 817965, 295.045
4 0 113 615 1 3 943 432 568 2 , 812873, 288.865
615 1 432 453 395 222 0 568 2 3 , 817965, 292.486
0 1 432 395 3 2 222 615 453 568 , 817965, 290.518
2 432 453 3 0 568 222 1 615 395 , 817965, 291.065
2 960 395 568 0 432 222 1 3 615 , 817494, 292.255
395 2 1 568 615 0 222 432 3 453 , 817965, 291.301
395 615 432 3 1 453 568 2 222 0 , 817965, 294.163
568 395 453 1 222 3 0 2 615 432 , 817965, 291.194
453 615 395 222 568 2 1 0 3 432 , 817965, 288.105
615 1 0 222 395 568 3 432 453 2 , 817965, 296.523
0 682 3 817 2 222 1 453 568 311 , 814685, 296.429
222 2 453 3 432 0 395 568 1 615 , 817965, 297.372
615 1 568 395 222 0 453 432 2 3 , 817965, 293.82
858 395 2 568 0 453 1 432 615 3 , 817722, 293.353
568 432 737 453 1 222 3 817 0 2 , 817273, 296.572
453 817 568 682 2 3 311 1 0 222 , 814685, 291.633
568 453 0 432 3 615 1 2 395 222 , 817965, 297.712
568 615 395 432 2 222 3 0 1 453 , 817965, 290.531
615 4 568 432 3 0 1 113 2 943 , 812873, 287.282
222 453 3 615 432 395 2 0 568 1 , 817965, 294.546
222 2 453 568 432 615 1 395 0 3 , 817965, 304.595
395 222 0 2 453 568 432 3 1 737 , 817826, 289.519
222 1 2 568 453 3 615 0 432 395 , 817965, 296.215
1 0 432 222 2 960 568 615 3 395 , 817494, 290.711
0 2 1 3 615 943 568 432 4 113 , 812873, 280.995
395 222 2 1 568 453 615 0 432 3 , 817965, 294.762
0 3 1 222 615 453 432 395 568 2 , 817965, 290.953
817 222 311 2 1 682 0 453 3 568 , 814685, 293.91
222 311 0 2 1 3 682 568 453 410 , 811696, 290.318
0 817 222 682 311 453 1 568 3 2 , 814685, 295.534
0 395 453 634 1 432 568 2 3 222 , 814338, 287.463
615 432 3 2 800 395 1 0 222 453 , 817823, 289.736
432 568 395 2 3 222 1 0 453 737 , 817826, 293.898
0 453 3 817 311 682 568 222 1 2 , 814685, 294.259
3 453 1 615 0 222 432 568 2 395 , 817965, 296.222
453 222 1 395 737 568 432 2 3 0 , 817826, 293.114
0 568 222 2 395 1 3 615 432 453 , 817965, 287.063
1 432 395 615 960 3 222 2 0 568 , 817494, 288.498
222 2 615 3 568 395 432 0 1 453 , 817965, 294.311
3 222 568 395 615 432 0 453 1 2 , 817965, 294.112