242 432 960 2 3 0 222 1 615 568 , 815577, 79.9926
615 1 432 2 568 960 839 3 222 0 , 815843, 82.8085
1 222 0 568 2 453 3 395 615 432 , 817965, 79.7234
432 2 960 538 682 1 568 0 825 222 , 804290, 83.0112
800 615 395 1 453 432 2 3 222 0 , 817823, 80.4626
0 568 395 3 222 432 1 615 453 2 , 817965, 79.0493
1 0 568 36 2 825 538 432 222 960 , 803600, 78.7803
432 453 568 3 0 737 222 395 1 2 , 817826, 79.756
1 0 568 432 395 2 960 3 615 222 , 817494, 80.3166
222 0 453 2 615 568 1 395 432 3 , 817965, 80.3469
395 0 615 222 1 432 568 3 453 2 , 817965, 79.9951
222 2 453 615 1 568 3 432 395 0 , 817965, 80.5042
222 1 395 0 568 2 615 453 3 432 , 817965, 81.1914
817 0 2 311 3 222 1 682 453 568 , 814685, 80.3342
568 682 1 453 817 3 222 2 0 311 , 814685, 78.2916
568 0 2 615 395 432 3 1 453 858 , 817722, 79.6977
453 568 2 222 817 737 432 0 1 3 , 817273, 78.3553
968 568 615 453 395 3 0 1 2 222 , 815034, 77.9534
3 453 2 568 395 737 1 432 222 0 , 817826, 80.2949
615 2 222 395 568 3 0 1 432 453 , 817965, 79.682
1 615 222 2 3 0 568 395 453 432 , 817965, 77.6472
395 222 453 3 0 615 1 2 568 432 , 817965, 79.1088
568 0 817 1 737 432 222 453 2 3 , 817273, 80.8132
222 3 2 1 568 615 432 453 395 0 , 817965, 79.6478
2 568 0 453 3 311 682 1 222 817 , 814685, 80.046
568 615 0 3 453 222 2 432 395 1 , 817965, 78.4009
222 2 395 3 432 0 453 615 1 568 , 817965, 80.2322
615 1 0 222 568 432 453 2 395 3 , 817965, 80.2329
2 3 432 453 222 0 615 1 568 395 , 817965, 80.0128
3 682 2 453 222 1 817 0 568 311 , 814685, 79.767
3 615 222 453 0 395 568 432 2 1 , 817965, 79.789
432 568 3 0 615 453 395 2 222 1 , 817965, 80.9887
3 2 839 0 1 737 432 513 222 568 , 815255, 78.081
453 2 568 395 1 432 222 3 0 615 , 817965, 79.0637
311 1 568 453 222 3 2 682 817 0 , 814685, 80.3126
858 1 453 2 3 432 615 0 395 568 , 817722, 80.3573
432 453 3 615 2 0 1 395 568 222 , 817965, 77.949
568 0 432 954 1 615 960 2 3 839 , 815326, 81.0736
615 453 222 432 2 0 395 3 1 37 , 817756, 77.6813
3 453 395 1 0 2 432 615 222 568 , 817965, 77.5501
222 682 3 453 1 568 311 2 0 817 , 814685, 78.1468
3 0 395 615 568 2 453 222 1 432 , 817965, 77.6277
453 0 222 3 568 1 615 395 2 432 , 817965, 80.3256
1 222 960 0 2 568 3 395 615 432 , 817494, 78.0208
3 1 0 568 615 395 222 432 453 2 , 817965, 79.3424
0 222 1 453 3 568 615 2 432 395 , 817965, 79.6113
682 2 960 0 825 538 568 1 222 432 , 804290, 83.024
1 432 453 395 858 2 615 568 4 0 , 815448, 80.4077
568 3 453 395 432 2 615 0 222 1 , 817965, 82.4629
4 432 1 817 568 113 2 615 3 0 , 811910, 80.6559
395 432 222 615 3 2 453 0 1 568 , 817965, 77.8837
2 615 1 222 395 3 800 960 0 432 , 817352, 78.14
568 432 0 222 1 395 453 615 2 3 , 817965, 80.3413
432 0 2 568 615 3 1 395 222 453 , 817965, 78.7211
432 0 453 3 1 615 2 222 395 568 , 817965, 80.4082
395 3 568 222 2 0 1 432 615 453 , 817965, 78.3304
2 568 0 1 453 222 432 395 3 615 , 817965, 77.975
3 0 311 858 817 682 568 453 2 1 , 814442, 78.8137
2 395 453 0 222 1 432 615 3 800 , 817823, 78.5306
960 615 0 568 222 2 1 395 432 3 , 817494, 78.7635
432 1 222 568 615 2 0 3 395 453 , 817965, 79.7136
2 395 615 568 453 3 1 432 222 0 , 817965, 78.1898
1 453 568 615 0 2 222 395 432 3 , 817965, 80.4972
0 1 615 222 432 3 568 453 395 2 , 817965, 79.8381
615 395 1 222 2 432 3 568 453 0 , 817965, 80.3282
568 0 222 432 453 395 615 3 1 2 , 817965, 80.2687
395 800 0 432 615 453 1 222 2 3 , 817823, 79.9849
3 395 2 453 615 1 222 568 432 0 , 817965, 79.7132
817 1 453 737 2 0 222 3 432 568 , 817273, 80.3087
395 453 2 222 615 0 3 1 432 568 , 817965, 78.4136
222 0 2 615 395 568 1 432 453 3 , 817965, 80.0536
222 395 2 0 432 453 615 568 1 3 , 817965, 78.0461
0 568 395 432 222 453 1 615 2 3 , 817965, 79.7795
395 1 3 0 453 432 2 568 222 615 , 817965, 78.311
1 222 3 0 615 568 2 453 395 432 , 817965, 77.8644
682 1 453 0 568 2 817 3 222 311 , 814685, 82.5889
615 839 1 222 568 432 3 960 2 0 , 815843, 80.422
858 615 3 453 395 568 1 432 2 0 , 817722, 80.1135
1 0 568 2 222 3 395 432 615 960 , 817494, 79.8464
568 0 2 395 3 432 615 1 453 222 , 817965, 80.113
615 0 3 2 1 432 395 568 453 222 , 817965, 78.5881
615 3 453 0 2 222 568 1 432 395 , 817965, 80.3163
2 453 311 817 568 0 858 3 1 682 , 814442, 78.2838
0 1 3 453 568 2 395 222 432 615 , 817965, 77.5275
1 222 432 615 568 395 2 453 0 3 , 817965, 79.5885
222 1 568 2 395 432 615 0 453 3 , 817965, 82.4254
0 432 453 2 3 568 395 1 954 737 , 817289, 78.5207
615 960 2 222 0 432 568 3 1 395 , 817494, 78.5021
395 2 737 222 453 1 0 3 568 432 , 817826, 80.1383
825 2 1 960 682 432 568 538 0 222 , 804290, 79.2566
568 0 3 222 453 615 432 395 1 2 , 817965, 79.039
2 568 432 453 0 737 1 395 222 3 , 817826, 78.9944
1 568 2 0 432 682 453 817 969 222 , 812243, 79.0722
0 2 615 432 568 1 3 453 222 395 , 817965, 77.001
453 3 432 1 568 0 615 395 222 2 , 817965, 81.5305
615 1 568 453 432 0 222 395 3 2 , 817965, 79.2236
395 3 568 2 453 432 615 1 222 0 , 817965, 81.2714
0 3 2 432 568 1 395 615 858 453 , 817722, 77.509
3 682 1 568 453 817 0 2 311 222 , 814685, 78.106
737 960 2 0 222 839 3 1 568 432 , 815320, 77.3364