395 432 453 222 568 0 3 2 1 615 , 817965, 2113.25
2 615 395 222 3 0 453 1 432 568 , 817965, 2111.8
2 538 0 960 568 825 222 682 432 1 , 804290, 2132.59
2 538 0 960 568 825 222 682 432 1 , 804290, 2165.82
2 222 432 615 395 568 3 453 1 0 , 817965, 2278.57
2 222 432 615 395 568 3 453 1 0 , 817965, 2282.95
0 1 311 682 568 2 222 3 453 817 , 814685, 2368.41
0 1 311 682 568 2 222 3 453 817 , 814685, 2372.28
395 568 1 453 0 432 3 222 615 2 , 817965, 2120.01
3 453 311 682 222 0 817 568 2 1 , 814685, 2112.96
432 0 222 568 3 2 395 615 453 1 , 817965, 2180.04
3 453 615 1 2 568 0 222 395 432 , 817965, 2252.38
432 1 615 0 222 568 453 2 3 395 , 817965, 2319.45
3 432 1 0 817 222 453 2 568 737 , 817273, 2370.85
568 432 395 615 453 3 1 2 0 222 , 817965, 2397.1
1 432 453 0 568 395 3 2 222 615 , 817965, 2454.44
3 0 615 568 432 2 395 1 453 222 , 817965, 2104.11
568 2 943 4 1 0 615 3 432 113 , 812873, 2105.57
395 2 615 432 3 0 1 222 568 453 , 817965, 2102.12
568 2 0 311 3 817 1 682 453 222 , 814685, 2179.13
453 3 395 222 432 0 615 1 2 568 , 817965, 2277.5
3 568 395 615 222 1 0 453 432 2 , 817965, 2345.65
1 3 0 432 615 395 222 568 453 2 , 817965, 2413.38
615 395 222 3 1 432 453 568 0 2 , 817965, 2126.11
432 615 453 3 1 222 395 0 568 2 , 817965, 2136.98
2 615 453 1 222 395 568 432 0 3 , 817965, 2164.7
432 615 453 3 1 222 395 0 568 2 , 817965, 2218.59
432 615 453 3 1 222 395 0 568 2 , 817965, 2225.08
432 615 453 3 1 222 395 0 568 2 , 817965, 2263.58
432 615 453 3 1 222 395 0 568 2 , 817965, 2269.23
432 615 453 3 1 222 395 0 568 2 , 817965, 2277.14
2 615 453 1 222 395 568 432 0 3 , 817965, 2285.92
2 615 453 1 222 395 568 432 0 3 , 817965, 2311.13
2 615 453 1 222 395 568 432 0 3 , 817965, 2363.18
2 615 453 1 222 395 568 432 0 3 , 817965, 2386.84
222 568 615 453 395 1 3 2 0 432 , 817965, 2130.71
568 2 0 615 3 395 222 432 453 1 , 817965, 2168.76
1 568 453 2 432 3 0 615 222 395 , 817965, 2214.32
432 453 3 1 615 222 2 568 0 395 , 817965, 2215.73
2 1 222 568 615 432 0 395 3 453 , 817965, 2182.1
1 3 2 395 0 615 222 432 453 568 , 817965, 2272.02
1 432 615 0 222 2 453 395 568 3 , 817965, 2323.35
682 568 222 0 1 2 453 3 311 817 , 814685, 2383.17
453 3 568 432 0 395 222 615 2 1 , 817965, 2450.24
222 3 395 615 453 0 432 2 1 568 , 817965, 2434.41
453 1 2 3 432 568 222 0 395 615 , 817965, 2426.6
2 0 568 943 615 432 4 113 1 3 , 812873, 2409.31
453 222 2 615 395 568 432 3 1 0 , 817965, 2176.19
395 2 0 3 615 222 453 568 1 432 , 817965, 2178.97
432 222 0 568 682 960 2 825 1 538 , 804290, 2290.34
615 3 2 222 432 568 395 1 453 0 , 817965, 2237.2
222 2 311 1 568 3 682 453 0 817 , 814685, 2212.49
222 395 568 3 2 453 1 615 0 432 , 817965, 2217.53
395 1 0 3 2 222 453 568 432 615 , 817965, 2213.15
568 0 1 2 453 222 395 3 432 615 , 817965, 2222.53
453 1 432 2 0 568 615 222 395 3 , 817965, 2451.55
3 0 222 568 615 432 395 1 2 453 , 817965, 2105.25
3 0 222 568 615 432 395 1 2 453 , 817965, 2107.37
3 0 222 568 615 432 395 1 2 453 , 817965, 2110.33
3 453 0 1 2 432 395 222 615 568 , 817965, 2120.69
3 0 222 568 615 432 395 1 2 453 , 817965, 2130.82
615 0 3 222 453 2 1 432 568 395 , 817965, 2140.47
3 453 0 1 2 432 395 222 615 568 , 817965, 2165.69
3 453 0 1 2 432 395 222 615 568 , 817965, 2170.31
3 453 0 1 2 432 395 222 615 568 , 817965, 2173.75
3 453 0 1 2 432 395 222 615 568 , 817965, 2215.31
3 453 0 1 2 432 395 222 615 568 , 817965, 2232.35
395 432 1 222 453 0 3 615 2 568 , 817965, 2159.47
0 2 395 568 453 3 615 432 222 1 , 817965, 2165.23
3 453 0 1 2 432 395 222 615 568 , 817965, 2257.03
3 395 1 2 453 568 615 0 222 432 , 817965, 2140.82
0 3 2 222 432 1 615 395 453 568 , 817965, 2131.81
2 395 615 432 0 3 222 453 1 568 , 817965, 2125.02
0 311 222 453 1 2 817 3 568 682 , 814685, 2186.92
453 2 432 1 3 222 615 0 568 395 , 817965, 2215.77
222 3 568 453 1 0 432 615 2 395 , 817965, 2130.32
222 453 615 432 0 2 568 3 1 395 , 817965, 2116.22
568 453 0 395 432 2 1 222 3 615 , 817965, 2193.1
432 0 615 395 222 453 2 1 568 3 , 817965, 2192.13
0 1 682 817 311 2 3 222 568 453 , 814685, 2201.5
615 432 568 453 0 222 2 3 395 1 , 817965, 2299.65
395 453 0 3 222 1 615 2 432 568 , 817965, 2240.09
0 453 3 615 222 2 568 432 1 395 , 817965, 2255.63
453 222 1 2 568 3 615 0 432 395 , 817965, 2251.16
432 568 395 3 0 1 615 2 222 453 , 817965, 2100.81
432 568 395 3 0 1 615 2 222 453 , 817965, 2129.12
3 817 568 453 0 1 222 311 682 2 , 814685, 2098.7
0 453 222 568 432 395 3 615 2 1 , 817965, 2165.97
395 3 2 1 432 568 0 222 615 453 , 817965, 2077.85
0 568 615 1 432 3 453 395 2 222 , 817965, 2163.5
2 1 432 0 3 222 453 395 568 615 , 817965, 2242.31
615 432 1 568 222 2 3 0 453 395 , 817965, 2189.52
395 432 2 615 3 453 1 568 222 0 , 817965, 2177.02
3 453 568 432 0 395 1 615 2 222 , 817965, 2193.06
222 432 0 3 453 1 568 395 615 2 , 817965, 2189.49
2 432 395 3 453 568 222 1 0 615 , 817965, 2240.27
222 0 1 615 568 2 432 453 3 395 , 817965, 2214.68
0 222 568 432 1 615 3 395 453 2 , 817965, 2250.3
222 615 568 395 453 1 2 3 0 432 , 817965, 2238.91
1 568 3 432 0 615 943 4 113 2 , 812873, 2267.39