395 453 0 2 432 615 1 222 3 568 , 817965, 76.2524
568 3 1 2 432 0 395 222 615 453 , 817965, 76.8257
0 615 568 453 2 432 395 3 222 1 , 817965, 76.3613
222 615 453 432 0 3 2 395 1 568 , 817965, 76.7017
0 568 395 1 222 432 615 2 3 453 , 817965, 76.2289
2 568 432 222 453 1 3 0 615 395 , 817965, 77.0623
3 222 395 2 432 0 453 615 568 1 , 817965, 76.9169
453 568 432 1 222 395 3 0 615 2 , 817965, 77.0594
0 222 3 568 1 2 432 395 615 453 , 817965, 75.4224
568 1 0 682 538 2 960 222 432 825 , 804290, 78.2779
817 453 2 568 311 682 0 3 1 222 , 814685, 77.3413
568 3 615 1 0 4 432 943 2 113 , 812873, 76.1954
2 0 453 222 568 432 1 395 615 3 , 817965, 76.5769
453 3 432 568 1 2 615 0 222 395 , 817965, 79.5106
395 222 1 453 0 432 615 2 568 3 , 817965, 76.7253
2 0 568 222 395 432 453 3 1 615 , 817965, 75.6655
568 432 3 1 0 222 615 2 453 395 , 817965, 76.8246
0 3 2 395 222 615 453 568 1 432 , 817965, 77.1722
615 3 222 2 0 1 453 395 432 568 , 817965, 77.5169
615 0 568 453 395 432 1 3 2 222 , 817965, 76.9302
568 2 825 0 432 1 538 222 960 682 , 804290, 78.1611
432 3 0 568 2 1 453 615 222 395 , 817965, 75.9987
395 432 615 568 0 2 453 222 3 1 , 817965, 78.4492
568 432 615 1 2 395 453 222 3 0 , 817965, 77.0897
615 222 453 568 0 1 3 2 432 395 , 817965, 76.3271
615 395 568 1 222 432 453 3 2 0 , 817965, 77.3997
222 0 615 3 2 568 1 432 453 395 , 817965, 77.0604
2 432 615 0 222 395 453 1 568 3 , 817965, 76.8455
453 3 2 0 222 568 615 432 1 395 , 817965, 75.955
1 453 3 432 0 395 2 568 222 615 , 817965, 77.1268
432 395 3 0 222 2 453 1 568 615 , 817965, 76.9583
682 2 825 960 0 432 1 568 538 222 , 804290, 79.0129
3 568 432 1 453 2 222 395 615 0 , 817965, 76.2263
4 538 682 1 568 113 0 943 2 432 , 804708, 77.3743
0 453 3 615 1 395 222 2 432 568 , 817965, 78.5781
568 538 432 682 960 825 222 0 1 2 , 804290, 77.3131
222 1 395 568 3 615 453 432 2 0 , 817965, 78.232
615 453 2 0 395 1 222 568 3 432 , 817965, 77.5087
432 615 1 395 222 2 568 453 0 3 , 817965, 77.6418
4 113 2 615 0 943 568 432 3 1 , 812873, 76.9266
453 0 568 432 222 817 1 2 682 969 , 812243, 77.3684
615 453 222 432 1 568 0 2 3 395 , 817965, 76.2332
222 568 0 1 615 395 2 453 432 3 , 817965, 75.9846
222 3 395 453 432 1 2 0 615 568 , 817965, 77.9397
453 3 568 432 2 222 615 0 1 395 , 817965, 75.9348
3 615 395 453 1 222 0 2 568 432 , 817965, 75.6974
3 222 2 453 432 1 568 0 395 615 , 817965, 77.2269
615 395 432 568 3 2 1 0 222 453 , 817965, 79.1279
2 0 432 538 222 960 682 1 825 568 , 804290, 77.8762
2 1 432 395 0 615 453 568 222 3 , 817965, 77.56
2 432 615 453 3 0 395 568 1 222 , 817965, 76.2965
222 2 0 453 3 1 432 615 568 395 , 817965, 76.2544
395 432 2 222 568 1 453 615 0 3 , 817965, 76.1611
568 2 432 395 1 0 453 615 222 3 , 817965, 78.3393
432 1 2 615 395 453 3 222 568 0 , 817965, 76.9233
0 432 222 2 568 615 3 1 395 453 , 817965, 76.3759
453 615 2 0 1 432 3 568 395 222 , 817965, 77.1302
1 453 3 432 395 568 615 222 0 2 , 817965, 77.1535
2 432 453 0 395 615 222 1 568 3 , 817965, 76.8049
615 1 3 432 222 568 453 2 0 395 , 817965, 77.686
0 3 311 682 222 453 817 1 568 2 , 814685, 78.4529
1 0 395 3 453 615 2 222 432 568 , 817965, 76.4983
568 453 615 395 0 3 1 432 2 222 , 817965, 76.5368
222 453 568 432 0 2 615 3 395 1 , 817965, 77.5385
568 3 4 615 432 0 943 1 2 113 , 812873, 76.1306
2 682 453 817 568 0 311 3 1 222 , 814685, 76.8154
3 4 0 311 568 113 1 682 2 817 , 809922, 76.6771
1 395 2 0 222 615 3 568 453 432 , 817965, 77.5754
969 817 682 222 1 432 2 453 0 568 , 812243, 77.2644
0 1 3 615 432 568 453 2 395 222 , 817965, 76.5284
568 1 222 817 0 311 682 2 453 3 , 814685, 77.3691
2 453 432 3 1 395 568 222 615 0 , 817965, 77.0057
3 1 432 0 395 222 2 453 568 615 , 817965, 76.4789
395 1 3 2 432 453 0 222 615 568 , 817965, 77.501
222 0 1 432 615 2 395 3 453 568 , 817965, 76.5347
969 2 568 432 1 682 453 222 817 0 , 812243, 79.32
615 2 453 395 568 222 0 1 432 3 , 817965, 77.6792
432 395 0 1 222 615 453 568 2 3 , 817965, 77.3077
568 2 3 432 222 0 453 395 615 1 , 817965, 77.3167
1 2 969 817 432 682 568 0 222 453 , 812243, 76.9849
615 2 1 432 453 3 222 0 568 395 , 817965, 77.8043
2 1 453 432 3 0 568 615 395 222 , 817965, 77.317
1 395 2 432 3 453 568 0 615 222 , 817965, 76.5157
453 3 432 2 395 222 568 1 615 0 , 817965, 78.003
395 453 222 432 615 2 568 1 0 3 , 817965, 80.5177
432 453 3 395 2 1 615 568 0 222 , 817965, 76.3388
453 568 395 432 1 222 0 2 3 615 , 817965, 77.0857
0 432 453 615 2 3 222 1 395 568 , 817965, 78.3085
432 453 395 615 3 2 222 1 568 0 , 817965, 76.809
2 432 395 453 615 1 222 0 3 568 , 817965, 77.3375
3 453 0 395 615 2 222 568 432 1 , 817965, 76.8397
4 943 1 113 568 0 615 2 3 432 , 812873, 76.726
432 3 0 453 395 222 568 615 1 2 , 817965, 76.6146
432 2 0 3 395 222 568 615 1 453 , 817965, 76.6696
568 222 453 0 1 3 395 2 615 432 , 817965, 76.8184
432 1 453 395 0 3 568 615 222 2 , 817965, 76.7309
432 1 395 0 222 568 3 615 453 2 , 817965, 77.2774
286 568 203 0 1 113 432 682 4 2 , 802400, 76.4684
817 682 4 1 113 0 311 2 3 568 , 809922, 75.4994
395 2 1 568 453 432 222 0 615 3 , 817965, 75.8278