1 30 6 32 4 8 10 25 2 15 12 27 7 29 11 13 0 5 3 9 , 1.07826e+06, 89.6199
15 9 8 0 25 6 3 1 7 5 12 11 32 4 27 29 10 13 30 2 , 1.07826e+06, 89.8338
15 1 3 7 11 32 27 29 30 8 9 6 13 25 5 12 4 2 10 0 , 1.07826e+06, 87.3492
3 5 29 27 25 11 4 7 6 2 30 9 8 32 13 0 12 10 1 15 , 1.07826e+06, 88.9508
32 4 12 0 8 5 11 9 29 2 7 10 25 13 15 3 27 30 1 6 , 1.07826e+06, 86.9894
7 9 30 13 12 10 4 15 25 6 5 8 32 29 11 3 27 0 1 2 , 1.07826e+06, 89.2029
11 25 32 10 2 9 4 12 29 1 27 0 7 13 3 30 8 15 6 5 , 1.07826e+06, 87.1223
25 1 8 30 5 13 2 7 9 11 27 12 29 6 10 4 15 3 32 0 , 1.07826e+06, 87.2969
29 12 0 10 8 11 7 9 30 4 1 15 2 25 5 13 27 3 6 32 , 1.07826e+06, 90.1548
27 12 4 13 6 29 30 15 0 10 32 25 11 9 2 3 7 1 5 8 , 1.07826e+06, 89.2629
1 12 4 7 8 15 13 25 5 32 6 11 9 29 30 10 3 27 0 2 , 1.07826e+06, 87.8507
30 12 32 1 29 10 4 11 8 6 15 3 7 2 0 25 27 5 13 9 , 1.07826e+06, 90.3082
32 4 13 10 8 30 25 29 9 11 27 12 6 15 1 3 2 5 0 7 , 1.07826e+06, 87.2908
1 4 7 13 6 15 5 30 29 9 10 27 32 3 0 25 12 11 2 8 , 1.07826e+06, 90.7273
9 30 10 5 32 12 1 8 27 4 25 3 7 2 29 13 6 11 0 15 , 1.07826e+06, 88.3197
27 15 4 2 5 25 12 32 10 29 7 6 11 3 1 9 8 13 0 30 , 1.07826e+06, 94.2417
5 7 2 8 15 9 13 11 3 0 6 1 4 12 32 25 30 10 29 27 , 1.07826e+06, 87.8135
7 12 32 4 10 27 0 5 29 11 8 3 6 1 13 30 25 2 15 9 , 1.07826e+06, 94.252
9 2 38 1 12 4 0 3 13 15 11 29 27 32 5 6 7 10 8 25 , 1.07654e+06, 90.086
29 11 32 12 7 10 2 25 3 6 8 13 5 30 0 4 27 15 9 1 , 1.07826e+06, 97.2847
1 30 10 7 3 32 4 2 15 25 0 8 29 9 13 11 5 27 6 12 , 1.07826e+06, 88.2378
6 30 8 0 12 10 29 32 15 5 3 1 11 27 13 7 4 25 9 2 , 1.07826e+06, 92.7083
1 0 25 3 11 8 12 9 29 32 6 13 7 27 4 2 5 15 30 10 , 1.07826e+06, 87.861
11 13 29 8 7 32 6 9 4 5 27 25 15 3 30 12 10 2 1 0 , 1.07826e+06, 92.1646
12 5 2 15 11 7 9 27 3 30 8 0 6 1 13 4 32 29 25 10 , 1.07826e+06, 88.7766
27 11 3 6 25 5 0 29 15 13 2 30 8 10 32 4 12 1 7 9 , 1.07826e+06, 89.4566
13 2 12 11 5 8 32 6 27 7 9 30 1 3 25 29 10 0 15 4 , 1.07826e+06, 88.828
27 8 4 6 30 10 12 5 25 9 11 7 29 1 2 13 0 3 32 15 , 1.07826e+06, 90.8863
29 2 30 6 25 8 5 32 10 1 11 12 7 27 3 0 9 15 4 13 , 1.07826e+06, 88.9877
5 32 29 10 4 11 3 25 30 27 6 9 12 0 8 7 1 13 15 2 , 1.07826e+06, 88.5023
11 8 29 25 30 3 13 9 32 4 5 15 0 1 10 7 6 27 2 12 , 1.07826e+06, 89.4484
32 6 2 0 10 8 9 27 11 12 3 15 421 1 30 7 13 5 25 4 , 1.07741e+06, 94.3003
12 30 32 8 27 25 3 13 6 29 9 7 4 5 15 11 2 10 0 1 , 1.07826e+06, 89.0453
1 12 15 5 10 0 8 421 13 25 7 6 2 27 4 11 30 3 9 32 , 1.07741e+06, 92.925
9 5 30 12 2 11 27 8 4 32 6 15 1 3 25 29 13 7 0 10 , 1.07826e+06, 87.6666
30 29 12 0 6 2 15 4 13 7 5 3 8 27 1 32 9 10 11 25 , 1.07826e+06, 94.0595
8 13 25 3 11 5 7 0 30 12 15 1 10 27 29 32 4 6 9 2 , 1.07826e+06, 88.9406
11 8 15 6 12 4 7 32 30 29 3 0 2 25 5 27 9 13 1 10 , 1.07826e+06, 94.9536
10 2 1 7 3 11 25 12 30 4 15 6 32 27 9 29 0 13 5 8 , 1.07826e+06, 87.744
3 13 7 12 27 5 10 2 9 11 8 15 1 25 4 0 32 30 6 29 , 1.07826e+06, 91.2792
12 3 6 32 27 15 1 5 7 9 2 11 10 13 0 4 8 29 30 25 , 1.07826e+06, 86.1581
11 13 0 12 29 1 15 9 6 7 25 8 3 2 4 30 10 5 27 32 , 1.07826e+06, 91.2554
9 30 0 32 5 12 2 11 8 29 4 6 27 1 13 3 7 15 10 25 , 1.07826e+06, 90.3759
1 2 10 25 7 13 32 27 9 29 5 6 0 30 15 12 3 11 8 4 , 1.07826e+06, 90.3703
29 30 7 15 32 11 4 10 6 1 12 2 0 5 8 3 9 25 27 13 , 1.07826e+06, 87.9475
32 2 25 27 3 30 13 4 421 9 0 7 5 6 1 15 12 10 8 11 , 1.07741e+06, 92.576
6 7 29 9 25 0 1 12 11 27 10 2 3 30 4 15 13 8 32 5 , 1.07826e+06, 89.3355
0 10 9 32 2 7 1 5 8 4 25 30 3 6 27 29 13 12 15 11 , 1.07826e+06, 90.8305
29 27 13 12 10 3 2 4 30 32 6 7 15 11 5 1 9 8 25 0 , 1.07826e+06, 87.8345
8 25 5 10 13 2 6 1 12 7 0 15 11 30 32 27 4 29 9 3 , 1.07826e+06, 94.3175
3 29 7 0 27 15 1 25 6 11 9 32 12 4 2 13 10 5 30 8 , 1.07826e+06, 89.4134
29 30 9 1 4 2 0 7 32 10 12 25 8 27 3 15 11 5 13 6 , 1.07826e+06, 95.3538
30 8 29 2 0 3 13 12 7 9 15 4 6 1 10 11 32 27 5 25 , 1.07826e+06, 88.6107
25 29 0 5 1 6 10 27 4 13 30 8 7 32 3 2 15 9 12 11 , 1.07826e+06, 87.7255
1 15 0 30 11 6 25 10 4 29 3 27 5 8 2 9 13 12 7 32 , 1.07826e+06, 93.9388
9 15 27 6 32 11 29 13 8 3 4 7 1 0 10 38 12 25 5 2 , 1.07654e+06, 90.2493
32 4 25 12 5 9 30 0 6 13 1 29 2 27 7 8 3 10 15 11 , 1.07826e+06, 91.418
11 30 13 32 7 5 3 4 6 1 9 10 12 27 29 0 25 15 2 8 , 1.07826e+06, 87.2692
6 25 27 1 30 10 9 12 15 5 0 29 7 32 4 11 13 2 8 3 , 1.07826e+06, 90.582
15 4 7 0 29 3 2 11 9 10 8 30 13 5 6 25 27 12 32 1 , 1.07826e+06, 86.8886
0 10 11 30 32 4 3 7 8 13 25 15 1 29 5 9 12 27 2 6 , 1.07826e+06, 92.4848
30 12 27 8 5 11 7 4 13 15 6 10 0 3 1 2 29 32 9 25 , 1.07826e+06, 89.5769
27 2 25 5 30 10 8 13 9 0 7 32 4 12 11 15 1 3 29 6 , 1.07826e+06, 90.4137
32 29 2 9 11 13 0 27 10 7 30 8 1 5 4 6 12 25 15 3 , 1.07826e+06, 87.0106
4 11 10 12 32 7 27 9 0 1 3 8 2 29 25 13 5 6 15 30 , 1.07826e+06, 90.9399
9 12 8 11 5 15 2 1 6 25 29 32 4 10 30 27 7 13 3 0 , 1.07826e+06, 87.9259
15 29 9 8 27 3 5 6 11 0 7 32 25 13 12 30 4 10 1 2 , 1.07826e+06, 96.2567
32 27 9 5 11 10 4 13 8 1 0 2 25 15 6 3 12 38 29 7 , 1.07654e+06, 87.174
10 2 9 25 4 27 13 8 30 12 5 1 6 11 7 0 29 15 32 3 , 1.07826e+06, 94.252
1 5 12 9 0 7 32 6 25 29 13 10 15 27 2 30 3 4 11 8 , 1.07826e+06, 88.9103
1 11 5 9 25 3 29 8 0 12 32 2 4 13 27 7 6 10 30 15 , 1.07826e+06, 93.716
32 2 9 13 1 10 25 27 3 8 0 30 5 11 7 6 29 12 4 15 , 1.07826e+06, 87.889
0 32 7 4 8 29 30 25 11 6 10 5 1 9 3 27 13 12 2 15 , 1.07826e+06, 91.3983
25 15 10 8 27 9 12 1 0 32 4 11 6 3 5 2 7 30 13 29 , 1.07826e+06, 89.2447
3 25 30 9 2 15 5 13 8 7 27 29 4 12 10 0 32 1 6 11 , 1.07826e+06, 90.6647
30 2 8 12 4 9 6 3 32 15 13 11 29 1 5 27 0 7 10 25 , 1.07826e+06, 87.3792
13 11 30 6 5 29 12 8 32 0 7 2 1 9 27 10 25 15 4 3 , 1.07826e+06, 90.847
5 10 8 1 11 27 12 30 9 25 4 0 7 2 32 15 13 3 6 29 , 1.07826e+06, 87.2677
27 8 9 12 3 15 29 10 5 6 7 4 1 30 32 25 11 2 13 0 , 1.07826e+06, 88.5082
6 2 29 8 9 0 30 15 7 5 13 32 4 12 27 11 25 10 1 3 , 1.07826e+06, 88.9595
10 6 2 25 27 11 1 13 9 12 30 32 5 3 0 29 8 7 4 15 , 1.07826e+06, 93.3048
9 3 12 7 0 4 1 32 5 6 11 10 29 25 30 13 8 2 27 15 , 1.07826e+06, 87.5955
5 6 30 13 15 3 7 12 11 32 4 9 1 29 2 8 27 0 25 10 , 1.07826e+06, 95.0317
30 3 7 5 4 13 1 32 25 29 2 12 8 27 0 10 11 6 9 15 , 1.07826e+06, 88.96
13 15 25 4 12 9 7 2 6 5 29 8 30 10 3 11 32 1 27 0 , 1.07826e+06, 92.83
5 1 0 30 8 29 2 6 12 10 3 11 25 7 27 15 9 32 13 4 , 1.07826e+06, 88.432
2 10 32 8 9 7 4 6 5 15 1 3 25 11 27 13 29 12 30 0 , 1.07826e+06, 92.4638
0 5 25 30 27 32 29 2 1 8 15 10 3 13 7 4 9 12 11 6 , 1.07826e+06, 87.7869
15 3 9 0 2 7 32 8 27 11 25 12 10 30 6 1 13 29 4 5 , 1.07826e+06, 93.559
32 1 25 2 30 3 7 10 11 9 5 15 27 13 6 12 0 8 29 4 , 1.07826e+06, 88.1268
13 32 27 15 6 3 7 12 10 30 5 0 29 9 8 4 2 25 11 1 , 1.07826e+06, 87.8052
12 13 0 25 6 1 10 30 7 15 11 5 4 421 32 8 27 9 3 2 , 1.07741e+06, 91.3565
9 27 30 29 1 6 2 8 5 7 11 0 13 3 32 10 25 12 15 4 , 1.07826e+06, 90.7146
2 7 12 15 29 25 9 0 30 3 6 10 27 13 11 5 4 1 32 8 , 1.07826e+06, 88.6073
29 4 12 3 8 11 7 13 25 1 15 2 5 27 32 30 9 0 10 6 , 1.07826e+06, 96.2278
0 1 15 27 32 8 29 11 3 4 9 6 12 25 7 2 10 30 13 5 , 1.07826e+06, 88.2287
1 10 9 0 13 4 25 11 7 3 27 12 8 2 30 5 15 6 29 32 , 1.07826e+06, 87.5244
11 0 1 13 3 25 7 32 10 30 6 9 12 4 27 2 29 15 8 5 , 1.07826e+06, 95.927
0 4 9 15 30 8 27 7 6 2 3 32 10 13 11 179 25 5 1 12 , 1.07688e+06, 89.6626
10 4 8 1 7 12 9 2 29 13 3 32 25 6 15 27 5 0 11 30 , 1.07826e+06, 95.1564