5 4 1 795 3 943 549 361 699 568 451 969 459 0 846 219 960 2 116 682 , 1.07193e+06, 373.606
795 622 4 682 575 926 5 589 568 0 3 943 2 969 451 1 203 252 960 372 , 1.0773e+06, 385.014
690 372 2 817 943 969 773 384 5 0 3 682 4 49 843 1 298 451 453 280 , 1.07941e+06, 388.038
298 682 5 280 740 4 33 957 372 0 3 394 807 2 773 1 960 365 203 746 , 1.07363e+06, 388.78
493 943 1 3 768 566 4 795 253 682 960 54 432 0 761 156 298 2 372 5 , 1.07111e+06, 392.333
203 3 1 451 568 807 4 846 740 960 969 682 33 0 219 5 156 2 943 549 , 1.07101e+06, 398.209
926 0 5 156 943 4 626 49 474 300 969 453 125 252 622 3 2 682 451 1 , 1.08392e+06, 391.193
795 682 566 838 898 451 622 49 282 960 2 394 253 942 3 4 0 1 33 807 , 1.0621e+06, 389.085
944 957 682 943 2 969 5 960 219 537 3 280 344 451 4 740 0 1 459 807 , 1.07152e+06, 390
5 957 280 36 451 807 3 4 214 493 0 33 943 969 800 2 6 960 372 1 , 1.0692e+06, 383.746
219 655 493 926 451 0 589 3 549 2 5 846 593 682 780 4 969 102 394 1 , 1.07569e+06, 397.482
690 2 203 682 1 0 960 4 843 372 817 5 280 6 943 795 3 451 800 253 , 1.07032e+06, 383.605
520 682 2 5 4 6 3 12 817 740 465 1 870 477 219 203 0 513 819 926 , 1.06775e+06, 372.812
465 682 2 475 451 926 4 372 40 384 394 1 5 3 969 6 0 488 564 538 , 1.07845e+06, 381.14
286 768 0 36 2 960 954 4 795 5 3 474 752 205 203 697 807 1 969 564 , 1.069e+06, 384.787
3 372 5 0 957 926 969 252 1 185 655 943 4 960 203 761 293 682 740 2 , 1.07609e+06, 398.112
3 969 5 575 2 0 795 682 800 31 843 943 960 451 690 761 49 1 4 650 , 1.07334e+06, 388.214
36 1 37 699 4 969 622 0 795 196 5 372 361 960 32 120 943 768 2 3 , 1.07053e+06, 397.792
513 2 451 49 4 5 773 969 432 549 372 1 3 740 682 0 298 564 909 943 , 1.07807e+06, 384.875
3 4 0 807 372 795 49 520 682 568 839 2 5 33 365 960 1 152 694 969 , 1.06548e+06, 381.982
280 474 944 671 4 740 427 451 0 513 3 843 943 975 1 682 969 2 5 552 , 1.07297e+06, 380.544
0 817 453 1 263 5 819 477 344 748 3 6 843 800 935 4 2 384 372 682 , 1.06703e+06, 385.734
817 0 969 372 453 49 690 280 843 5 2 943 4 384 298 697 451 3 1 682 , 1.07931e+06, 391.004
795 589 291 4 944 682 222 1 0 459 5 846 451 6 2 498 962 960 3 943 , 1.07335e+06, 392.551
3 65 0 395 280 969 5 2 4 780 926 943 568 116 451 1 682 219 485 6 , 1.06934e+06, 388.631
253 4 162 1 3 960 682 926 451 694 817 0 49 740 773 520 827 5 690 2 , 1.07649e+06, 392.353
36 4 361 3 384 773 957 0 943 116 5 768 298 453 2 32 969 280 372 1 , 1.07666e+06, 401.656
780 843 4 280 969 982 427 5 3 682 800 300 466 365 6 1 0 538 2 943 , 1.0748e+06, 383.303
926 252 0 4 451 203 795 5 817 960 474 1 360 694 969 52 36 185 3 2 , 1.08028e+06, 399.145
292 682 1 807 773 768 564 394 969 0 4 49 740 549 3 399 513 32 372 2 , 1.06892e+06, 398.933
5 575 960 31 622 773 298 795 33 969 451 2 1 3 0 4 682 49 589 943 , 1.07528e+06, 387.979
589 372 960 682 943 800 49 622 33 969 451 2 1 5 0 3 575 795 807 4 , 1.07494e+06, 390.303
3 935 2 185 773 699 780 1 4 0 451 474 943 506 843 682 40 253 300 116 , 1.07173e+06, 390.638
2 960 3 253 795 394 575 752 622 800 1 4 699 768 0 361 116 5 682 372 , 1.06964e+06, 387.526
4 1 943 5 962 2 513 682 575 459 52 498 31 156 537 500 451 0 622 3 , 1.069e+06, 401.553
346 768 655 926 615 372 49 943 197 4 728 3 498 5 0 300 549 2 780 1 , 1.07239e+06, 403.394
943 372 682 564 4 679 65 3 549 655 538 599 1 780 0 451 2 926 5 969 , 1.07718e+06, 386.135
622 3 1 626 2 49 350 969 32 0 960 196 5 943 768 4 214 36 474 898 , 1.07508e+06, 388.8
3 372 943 4 538 5 1 280 773 451 298 682 376 459 0 253 427 795 513 2 , 1.07809e+06, 384.8
488 843 2 3 538 4 474 451 969 564 36 607 1 475 384 5 943 552 944 0 , 1.07527e+06, 383.573
451 0 49 549 300 780 655 498 690 943 615 846 1 372 926 3 4 5 2 589 , 1.07542e+06, 390.205
474 3 441 5 969 40 926 682 2 1 293 4 475 795 960 538 943 564 52 0 , 1.08079e+06, 396.585
6 2 49 33 0 36 513 650 474 4 360 185 740 944 477 5 1 943 311 3 , 1.07405e+06, 382.127
5 817 1 474 365 858 506 252 4 384 253 0 49 697 2 682 843 488 943 3 , 1.07313e+06, 393.425
690 49 1 293 5 682 926 214 3 655 219 280 4 2 748 498 0 395 960 529 , 1.06879e+06, 392.556
960 0 568 589 3 682 2 807 49 5 969 846 943 4 459 795 451 219 549 1 , 1.07486e+06, 397.563
298 310 33 682 451 957 2 969 513 3 1 697 116 982 4 740 5 943 0 280 , 1.07526e+06, 396.913
943 969 162 5 40 116 2 926 3 520 682 0 336 957 960 293 773 795 4 1 , 1.07474e+06, 395.351
768 4 800 960 32 252 5 846 798 0 3 982 549 682 2 740 969 992 49 1 , 1.06514e+06, 390.691
969 123 3 975 0 513 740 372 1 36 2 32 575 365 298 4 310 943 622 697 , 1.06959e+06, 403.532
451 361 4 156 0 960 800 33 761 969 795 943 2 5 1 682 3 196 372 116 , 1.07126e+06, 394.103
834 451 969 4 1 626 0 36 2 376 394 280 780 5 300 3 975 691 671 291 , 1.07143e+06, 397.063
335 2 451 203 817 372 682 779 0 969 5 1 697 827 926 3 300 4 252 943 , 1.07442e+06, 405.74
537 1 253 564 943 538 513 3 310 36 372 5 2 32 768 41 944 4 0 740 , 1.07557e+06, 393.323
372 5 566 365 0 513 761 682 2 1 691 253 943 4 500 800 3 376 428 538 , 1.06966e+06, 388.329
428 280 0 4 451 849 682 453 1 474 2 943 5 944 40 843 384 3 498 975 , 1.07041e+06, 387.816
665 1 474 311 3 773 394 4 49 185 5 360 589 33 780 682 597 2 300 0 , 1.07518e+06, 397.821
394 3 800 0 116 125 622 2 500 376 682 4 5 1 699 32 513 969 768 982 , 1.06877e+06, 395.104
768 690 3 291 795 4 1 944 2 0 682 843 935 943 49 156 969 185 960 5 , 1.07512e+06, 396.531
740 969 350 49 960 943 0 298 549 846 451 4 773 843 682 372 3 650 2 1 , 1.07578e+06, 400.088
493 451 3 926 6 4 2 418 520 253 0 943 1 465 690 162 5 589 682 300 , 1.07354e+06, 389.462
690 926 384 622 748 682 451 800 49 0 3 2 5 453 817 969 1 575 4 31 , 1.07664e+06, 390.027
846 0 969 943 773 992 372 549 1 2 3 49 298 4 843 36 960 365 795 690 , 1.07431e+06, 396.864
992 943 795 682 800 969 807 451 33 5 1 270 2 0 960 728 372 4 49 3 , 1.07376e+06, 400.336
761 843 31 0 156 451 298 4 3 943 36 120 1 746 566 773 552 214 960 2 , 1.06729e+06, 410.398
795 365 336 3 4 25 280 5 682 969 395 372 960 748 926 1 773 2 203 0 , 1.07417e+06, 401.151
843 962 292 4 222 365 5 300 564 1 252 498 943 0 372 568 780 3 2 682 , 1.07125e+06, 392.816
943 4 2 52 252 898 36 990 622 474 451 49 926 969 1 0 5 3 513 740 , 1.08235e+06, 383.866
5 969 795 49 0 817 682 807 622 960 1 575 3 800 372 451 943 4 459 2 , 1.07309e+06, 395.469
3 203 2 817 360 969 682 4 748 960 252 451 926 291 1 0 69 52 795 5 , 1.07945e+06, 392.581
943 350 691 780 2 575 451 969 3 102 474 622 1 36 589 944 0 4 5 49 , 1.07731e+06, 397.832
4 0 807 3 2 943 575 453 33 682 969 1 5 203 372 451 622 568 156 384 , 1.07207e+06, 391.588
982 622 682 992 960 943 2 4 49 843 697 451 575 5 1 311 0 795 3 298 , 1.07569e+06, 385.779
800 451 943 2 842 372 376 4 5 3 0 520 459 780 969 1 682 300 6 428 , 1.07586e+06, 382.405
780 218 682 843 0 552 3 538 394 2 5 550 767 1 451 474 4 110 622 300 , 1.07225e+06, 389.718
807 32 4 5 1 682 203 2 3 280 384 943 52 453 816 768 969 671 957 0 , 1.07108e+06, 385.933
372 538 0 40 6 451 550 795 943 1 926 655 475 3 5 4 2 682 969 960 , 1.08152e+06, 382.148
376 2 752 0 773 1 474 795 3 116 5 665 4 960 969 870 36 768 839 222 , 1.06969e+06, 408.245
2 740 280 4 0 773 372 49 817 36 5 969 870 1 3 690 32 298 513 768 , 1.07557e+06, 383.995
3 4 453 969 926 671 52 286 451 1 428 5 291 682 203 0 2 280 384 252 , 1.07311e+06, 383.496
5 975 858 427 32 773 3 969 384 2 4 453 943 0 474 1 376 36 365 665 , 1.0736e+06, 385.486
740 3 969 365 298 943 5 960 350 280 2 372 4 33 54 0 49 1 36 957 , 1.07397e+06, 398.737
843 969 740 943 2 773 49 982 761 125 451 513 1 724 298 589 36 4 0 3 , 1.07364e+06, 396.593
960 622 773 0 372 432 394 3 969 2 682 49 156 768 795 298 575 1 5 4 , 1.07571e+06, 403.581
969 203 1 451 372 2 839 36 960 807 459 0 280 3 5 6 568 748 4 795 , 1.06945e+06, 383.247
3 32 5 748 817 807 0 800 1 49 960 768 969 846 372 682 795 4 549 2 , 1.07164e+06, 394.961
768 943 513 475 2 740 655 3 564 4 682 5 515 969 926 219 1 0 292 49 , 1.07969e+06, 384.098
671 427 4 2 280 5 453 36 384 3 943 768 538 969 1 474 52 376 32 0 , 1.07371e+06, 391.765
926 0 655 622 960 768 682 5 500 575 2 515 650 1 3 969 943 4 49 372 , 1.07774e+06, 388.968
960 690 498 2 575 682 926 293 5 795 943 4 655 372 1 3 589 962 622 0 , 1.07604e+06, 391.429
926 4 49 2 0 817 451 690 1 3 655 253 280 943 679 780 372 682 5 508 , 1.07359e+06, 384.157
311 57 102 926 2 682 1 0 451 3 219 780 5 943 564 538 537 475 6 4 , 1.07645e+06, 383.105
682 943 336 575 372 773 969 622 795 3 1 49 4 589 0 2 926 960 252 451 , 1.0768e+06, 387.287
843 773 2 311 682 1 702 116 622 0 699 334 4 740 31 5 575 298 943 3 , 1.07082e+06, 390.16
773 870 399 982 795 116 2 969 682 5 1 451 4 395 3 960 33 0 280 361 , 1.06951e+06, 391.434
384 476 4 0 3 376 943 474 1 520 5 453 682 752 834 746 768 944 538 2 , 1.07152e+06, 389.221
451 887 372 957 36 0 1 116 513 740 280 5 2 943 361 969 4 3 800 6 , 1.07008e+06, 384.517
384 33 2 5 969 394 1 280 800 6 957 116 453 4 0 682 451 982 361 3 , 1.07038e+06, 385.469
981 843 2 298 807 748 1 372 773 682 395 795 960 4 0 451 347 5 203 3 , 1.07003e+06, 390.91
870 724 1 926 49 761 682 679 568 3 5 817 451 2 4 431 980 969 372 0 , 1.07161e+06, 378.355