37 453 0 410 36 311 3 2 222 1 , 810272, 36.1905
37 395 3 257 4 0 2 1 432 113 , 808584, 34.3346
0 395 2 432 37 222 257 3 1 453 , 813793, 35.265
432 453 3 0 395 2 1 257 222 37 , 813793, 35.2251
2 0 222 395 1 432 3 453 257 37 , 813793, 35.0262
453 2 311 0 3 222 1 410 37 36 , 810272, 35.9687
1 410 0 311 2 488 36 37 222 3 , 809503, 36.0232
113 1 0 2 37 257 432 4 3 395 , 808584, 34.3479
222 0 37 257 2 453 3 395 1 432 , 813793, 36.0776
3 0 257 453 2 222 1 432 395 37 , 813793, 35.2353
3 37 257 2 395 432 453 0 1 222 , 813793, 34.7881
432 395 453 3 222 2 0 37 1 257 , 813793, 35.0026
3 311 0 1 36 453 222 37 2 410 , 810272, 34.5987
311 1 410 453 37 0 3 2 36 222 , 810272, 34.8722
203 113 2 0 4 286 36 432 37 1 , 801099, 34.7933
2 432 453 37 257 1 0 395 3 222 , 813793, 34.9568
37 395 453 257 3 432 2 0 222 1 , 813793, 35.8918
37 0 432 453 1 257 222 2 3 395 , 813793, 35.0821
2 113 3 37 4 1 395 257 432 0 , 808584, 35.4971
37 3 4 113 1 0 36 410 2 311 , 805496, 34.1089
432 37 1 3 395 0 2 453 257 222 , 813793, 35.213
222 311 37 410 3 2 0 36 1 453 , 810272, 33.8992
2 222 257 432 3 453 37 395 1 0 , 813793, 36.1045
1 3 0 222 395 257 432 37 2 453 , 813793, 34.162
395 222 257 3 37 432 1 2 453 0 , 813793, 35.9784
0 113 1 37 410 2 4 311 3 36 , 805496, 34.3476
395 222 432 3 1 0 257 2 453 37 , 813793, 36.099
394 432 3 261 4 1 37 0 113 2 , 808557, 34.953
37 1 3 311 453 222 2 0 36 410 , 810272, 34.4747
37 311 3 453 410 36 2 1 0 222 , 810272, 34.2077
0 453 432 222 2 395 37 1 3 257 , 813793, 34.9253
395 37 2 222 432 0 3 453 1 257 , 813793, 34.9657
2 288 37 395 3 1 453 222 311 0 , 804887, 35.986
257 1 395 2 453 3 37 0 222 432 , 813793, 36.6168
432 453 1 257 2 3 222 37 0 395 , 813793, 34.975
222 36 2 311 3 1 410 37 0 453 , 810272, 34.7593
3 1 222 395 37 432 257 453 0 2 , 813793, 35.1168
410 222 36 453 3 311 0 2 1 37 , 810272, 34.9614
0 453 37 1 257 222 395 432 2 3 , 813793, 35.0735
2 36 3 453 37 0 410 222 311 1 , 810272, 35.065
36 1 222 2 37 410 3 311 453 0 , 810272, 35.3282
395 1 222 432 3 453 2 0 37 257 , 813793, 35.1377
0 37 2 395 3 257 432 1 453 222 , 813793, 35.2531
395 257 2 3 1 453 432 222 0 37 , 813793, 35.0681
222 0 257 37 432 3 2 1 395 453 , 813793, 36.21
2 395 432 3 453 0 37 1 222 257 , 813793, 35.6335
395 2 3 1 257 222 37 0 432 453 , 813793, 35.2398
453 410 37 1 222 36 0 3 311 2 , 810272, 35.1757
453 1 0 395 432 257 222 3 2 37 , 813793, 35.2208
3 1 395 37 0 432 453 222 2 257 , 813793, 34.8363
395 3 0 1 2 432 37 222 257 453 , 813793, 35.1587
311 410 453 222 37 1 36 0 2 3 , 810272, 35.0627
2 257 113 432 37 395 4 3 1 0 , 808584, 34.8719
37 36 2 222 311 0 453 3 410 1 , 810272, 35.8656
3 4 113 395 2 1 432 257 37 0 , 808584, 34.2898
2 222 453 257 0 395 3 1 432 37 , 813793, 36.0348
432 453 0 1 257 37 222 3 395 2 , 813793, 36.2394
37 1 257 2 453 0 222 3 395 432 , 813793, 37.0668
395 432 453 3 222 257 2 37 1 0 , 813793, 35.6025
0 3 37 432 2 113 4 261 1 394 , 808557, 34.8434
311 2 4 37 36 1 113 410 3 0 , 805496, 34.2341
0 1 3 37 257 432 2 395 222 453 , 813793, 34.1578
432 257 395 1 37 2 3 0 222 453 , 813793, 35.6162
257 222 432 0 2 453 465 395 3 1 , 813281, 36.0607
0 37 395 432 3 1 453 257 222 2 , 813793, 35.2434
3 37 1 0 395 222 2 257 453 432 , 813793, 34.1619
222 3 453 36 37 311 410 1 2 0 , 810272, 35.7117
222 3 37 0 1 257 432 395 453 2 , 813793, 35.8743
453 36 0 3 1 37 410 311 2 222 , 810272, 34.268
4 410 37 3 1 0 311 36 2 113 , 805496, 33.6671
222 311 0 3 37 453 36 2 410 1 , 810272, 35.3006
0 432 3 2 222 257 395 1 453 37 , 813793, 35.9567
311 36 2 1 0 222 37 453 410 3 , 810272, 35.3342
0 37 3 395 1 222 453 2 432 257 , 813793, 35.6489
453 2 222 36 311 410 3 37 0 1 , 810272, 35.0696
3 257 1 37 0 432 395 453 2 222 , 813793, 35.1166
395 257 0 3 1 453 222 2 432 37 , 813793, 35.3076
1 222 395 432 257 37 3 453 2 0 , 813793, 35.4273
395 432 222 453 3 0 37 2 257 1 , 813793, 35.4689
222 0 37 2 311 453 410 1 3 36 , 810272, 35.0311
3 453 1 2 37 0 311 36 410 222 , 810272, 34.9682
0 2 410 1 311 453 36 3 37 222 , 810272, 34.5012
1 2 3 37 453 395 222 0 432 257 , 813793, 34.8183
395 3 0 2 257 453 222 432 1 37 , 813793, 35.2657
1 0 311 410 36 3 453 37 280 2 , 804431, 35.2952
2 37 1 410 0 311 453 3 36 222 , 810272, 34.4077
311 222 37 0 453 1 410 3 36 2 , 810272, 35.5843
3 1 222 311 410 0 2 453 37 36 , 810272, 34.6109
4 2 37 394 0 1 3 113 261 432 , 808557, 33.8422
395 453 222 257 1 3 37 2 0 432 , 813793, 34.1166
2 311 453 0 36 410 1 3 37 222 , 810272, 33.9257
37 2 222 0 3 257 453 1 395 432 , 813793, 35.6141
37 2 3 410 311 222 453 36 0 1 , 810272, 34.7432
3 222 311 2 410 1 0 36 453 37 , 810272, 34.8856
37 1 453 0 257 395 432 2 222 3 , 813793, 36.4435
1 222 36 2 311 410 453 37 3 0 , 810272, 35.0092
2 410 222 453 3 311 36 37 0 1 , 810272, 34.9465
1 37 410 0 222 36 3 311 453 2 , 810272, 34.9893
2 311 222 0 410 1 36 3 453 37 , 810272, 35.0063
37 0 222 453 1 410 311 2 36 3 , 810272, 34.5505