432 1 37 0 453 222 257 2 395 3 , 813793, 47.7467
37 453 311 410 0 3 1 2 222 36 , 810272, 46.0554
222 1 0 37 453 257 432 3 395 2 , 813793, 47.8139
311 36 37 3 453 0 2 222 410 1 , 810272, 46.9865
432 222 395 37 0 257 2 1 3 453 , 813793, 48.6955
0 395 453 257 37 2 3 222 432 1 , 813793, 48.1842
37 222 257 3 432 453 0 395 2 1 , 813793, 51.0466
37 1 0 395 453 257 2 222 3 432 , 813793, 51.4993
311 410 0 1 2 37 36 113 4 3 , 805496, 50.8657
36 453 311 0 410 1 2 3 222 37 , 810272, 53.8937
0 1 222 432 37 257 453 2 395 3 , 813793, 49.9467
0 410 2 37 222 453 36 1 3 311 , 810272, 50.3458
395 432 222 0 37 3 257 2 453 1 , 813793, 52.8329
395 257 2 37 3 1 0 432 222 453 , 813793, 51.3105
395 222 257 432 3 37 1 0 2 453 , 813793, 51.534
2 222 410 36 0 3 453 1 311 37 , 810272, 52.8979
1 3 311 222 410 0 2 36 37 453 , 810272, 48.6092
222 432 3 453 395 0 257 1 2 37 , 813793, 52.9144
453 1 432 222 37 2 395 257 0 3 , 813793, 49.6631
36 410 2 453 311 1 0 222 37 3 , 810272, 52.6049
37 453 1 0 395 3 257 222 432 2 , 813793, 52.9748
2 432 222 453 3 37 1 0 395 257 , 813793, 52.0769
3 311 37 36 1 222 2 453 0 410 , 810272, 53.8698
1 410 453 0 37 222 36 2 311 3 , 810272, 51.9532
410 453 2 3 1 0 37 311 222 36 , 810272, 50.2783
37 453 1 0 395 2 222 432 3 257 , 813793, 52.0637
453 395 37 2 432 257 0 1 222 3 , 813793, 52.6997
257 222 2 1 0 37 432 395 3 453 , 813793, 53.4784
222 453 0 410 1 37 2 36 311 3 , 810272, 50.5064
3 4 0 410 37 311 2 36 113 1 , 805496, 49.7836
222 257 37 453 395 2 432 3 1 0 , 813793, 52.4962
113 4 1 2 36 0 3 311 37 410 , 805496, 48.9895
3 1 257 432 37 222 0 395 453 2 , 813793, 54.3427
257 432 0 2 3 222 37 395 453 1 , 813793, 50.7957
37 432 2 395 0 453 222 257 1 3 , 813793, 54.1257
453 395 0 37 2 3 222 257 432 1 , 813793, 54.0381
37 0 2 395 3 257 432 1 222 453 , 813793, 53.0635
453 3 1 222 395 2 37 257 432 0 , 813793, 54.2402
0 2 410 311 1 36 37 453 3 222 , 810272, 51.3583
222 453 257 1 2 395 432 3 0 37 , 813793, 49.9387
395 257 3 2 432 222 0 1 453 37 , 813793, 52.6959
3 222 257 0 453 37 2 432 1 395 , 813793, 51.5761
2 311 37 0 1 222 3 36 453 410 , 810272, 54.7343
2 37 3 4 1 261 394 0 113 432 , 808557, 51.691
1 432 0 222 395 3 257 2 37 453 , 813793, 50.6215
257 432 222 1 37 453 3 2 0 395 , 813793, 52.3492
1 2 395 257 37 453 3 222 432 0 , 813793, 52.5788
311 222 453 2 0 1 3 37 36 410 , 810272, 51.3031
453 1 257 0 37 222 432 3 395 2 , 813793, 52.7716
453 432 2 0 37 257 1 395 222 3 , 813793, 51.5532
0 3 410 36 2 453 222 1 37 311 , 810272, 50.729
432 453 222 37 3 0 2 395 1 257 , 813793, 52.4318
395 257 222 453 1 3 2 0 432 37 , 813793, 56.0283
2 453 1 0 36 311 222 3 37 410 , 810272, 54.7306
311 37 410 36 2 0 3 113 1 4 , 805496, 51.8033
37 488 432 2 3 0 1 257 222 395 , 813059, 51.9778
1 453 2 222 0 395 257 432 3 37 , 813793, 54.6122
257 395 0 113 2 4 3 1 432 37 , 808584, 49.3461
1 222 0 3 432 395 37 453 2 257 , 813793, 50.9593
432 37 222 2 257 1 453 0 395 3 , 813793, 55.6452
257 432 3 0 395 1 37 2 453 222 , 813793, 51.2422
311 410 2 0 4 1 37 3 113 36 , 805496, 50.9324
222 3 311 2 0 410 1 37 453 36 , 810272, 53.3975
453 395 432 3 222 1 257 0 37 2 , 813793, 52.8253
0 453 3 432 2 37 1 257 222 395 , 813793, 51.5365
2 432 1 37 3 4 395 0 257 113 , 808584, 52.6911
257 395 1 453 37 0 2 432 3 222 , 813793, 52.719
37 3 257 1 395 222 432 0 2 453 , 813793, 57.9751
453 257 2 432 0 222 1 395 3 37 , 813793, 53.9342
2 395 222 3 453 1 37 0 432 257 , 813793, 52.3463
37 0 453 242 1 432 257 3 2 222 , 810869, 51.9404
410 453 36 311 222 3 0 2 37 1 , 810272, 49.4561
1 2 3 37 0 432 4 113 261 394 , 808557, 51.1141
36 222 3 453 0 1 410 37 311 2 , 810272, 53.6363
37 453 0 410 1 3 36 222 2 311 , 810272, 49.7274
36 1 432 37 113 4 0 2 286 203 , 801099, 50.7941
1 3 36 2 453 311 0 410 222 37 , 810272, 50.8261
2 0 432 257 395 1 37 3 453 222 , 813793, 51.7497
3 0 37 432 222 257 395 2 1 453 , 813793, 50.8943
453 311 37 0 1 410 36 2 222 3 , 810272, 51.3456
410 2 311 37 453 0 222 3 1 36 , 810272, 55.2672
453 410 1 311 0 2 37 222 3 36 , 810272, 50.0496
453 36 0 37 410 311 1 3 222 2 , 810272, 52.5459
2 432 1 0 3 395 222 453 257 37 , 813793, 52.2538
222 37 257 0 2 3 1 432 453 395 , 813793, 52.8841
1 0 2 432 257 3 453 222 37 395 , 813793, 53.0144
0 453 3 1 2 222 395 432 257 37 , 813793, 52.2754
2 432 395 37 257 1 222 3 453 0 , 813793, 54.8279
37 488 432 2 222 257 395 1 0 3 , 813059, 50.0733
257 3 0 1 222 432 37 453 2 395 , 813793, 51.9304
37 4 3 2 0 113 395 1 257 432 , 808584, 50.6026
1 222 257 37 453 395 2 0 432 3 , 813793, 50.5881
0 222 453 37 311 410 2 1 36 3 , 810272, 49.4112
3 37 395 0 432 257 222 1 2 453 , 813793, 52.2684
222 257 37 453 2 432 1 395 0 3 , 813793, 52.8149
37 222 432 3 395 453 2 257 0 1 , 813793, 52.6129
4 432 37 261 2 394 0 3 1 113 , 808557, 55.3465
432 395 453 37 1 222 257 0 2 3 , 813793, 57.1204
222 3 0 37 410 2 36 453 311 1 , 810272, 50.608
222 37 2 36 0 410 3 311 1 453 , 810272, 52.6409