257 432 453 395 3 0 1 37 2 222 , 813793, 435.827
222 257 453 395 1 0 3 2 432 37 , 813793, 440.085
1 257 453 395 2 0 3 432 222 37 , 813793, 440.911
37 257 1 395 432 0 2 453 222 3 , 813793, 442.83
1 3 37 36 311 2 222 0 453 410 , 810272, 448.896
311 1 2 36 453 410 0 3 222 37 , 810272, 436.315
257 0 2 222 453 395 1 37 3 432 , 813793, 438.314
37 2 203 286 432 1 113 36 4 0 , 801099, 443.735
0 257 37 453 1 3 222 2 432 395 , 813793, 441.234
395 453 222 2 0 257 432 3 1 37 , 813793, 446.626
37 453 36 3 410 1 311 222 2 0 , 810272, 433.013
0 410 2 311 3 1 36 37 453 222 , 810272, 432.097
395 1 0 257 4 37 432 113 3 2 , 808584, 433.744
453 3 395 2 432 222 257 37 0 1 , 813793, 449.882
257 1 453 395 222 3 2 0 432 37 , 813793, 453.341
410 37 36 113 4 1 0 311 2 3 , 805496, 435.305
1 257 0 453 3 222 2 37 395 432 , 813793, 443.656
3 1 36 2 410 0 465 311 222 453 , 809760, 447.757
2 311 453 1 410 3 0 37 222 36 , 810272, 433.738
2 1 37 222 36 453 0 3 311 395 , 810178, 443.276
3 257 453 0 222 395 37 432 1 2 , 813793, 438.091
395 257 0 432 453 37 3 1 222 2 , 813793, 438.643
453 395 37 257 222 432 3 1 0 2 , 813793, 440.624
257 0 432 2 3 222 37 1 395 453 , 813793, 443.355
37 257 432 2 453 395 222 3 1 0 , 813793, 437.983
3 410 37 1 222 2 453 0 311 36 , 810272, 443.443
1 222 257 432 3 395 37 0 453 2 , 813793, 439.812
1 311 37 410 0 222 36 3 453 2 , 810272, 440.501
222 0 37 36 311 2 453 1 410 3 , 810272, 421.12
453 222 3 37 257 2 1 432 0 395 , 813793, 438.754
432 257 453 0 222 1 395 37 3 2 , 813793, 444.485
257 395 222 453 2 0 3 37 1 432 , 813793, 423.136
1 432 2 0 3 257 453 222 395 37 , 813793, 439.207
113 37 1 395 3 2 4 0 257 432 , 808584, 433.548
257 2 222 1 0 432 395 37 3 453 , 813793, 441.827
222 453 432 1 2 0 37 3 395 257 , 813793, 419.189
0 2 37 432 453 1 222 3 395 257 , 813793, 435.698
1 222 37 432 0 2 257 453 3 395 , 813793, 440.569
36 203 432 0 4 2 113 286 37 1 , 801099, 444.886
0 37 222 2 453 3 395 432 257 1 , 813793, 443.673
37 222 0 2 1 453 432 3 257 395 , 813793, 425.599
222 395 432 3 1 0 2 257 453 37 , 813793, 437.15
36 1 410 222 37 311 2 3 0 453 , 810272, 436.729
395 2 453 37 222 432 1 257 0 3 , 813793, 442.811
453 3 432 257 222 0 37 395 1 2 , 813793, 438.431
222 410 2 36 37 0 311 453 3 1 , 810272, 417.52
37 222 36 0 1 410 2 453 3 311 , 810272, 434.625
257 1 432 0 395 3 453 2 222 37 , 813793, 448.359
37 0 1 2 432 222 395 3 453 257 , 813793, 439.125
37 1 395 432 2 453 0 257 3 222 , 813793, 440.498
0 453 3 37 2 410 222 311 36 1 , 810272, 424.393
395 1 3 2 453 257 222 37 0 432 , 813793, 432.475
3 311 2 410 36 453 222 0 1 37 , 810272, 434.494
3 0 222 395 257 37 453 2 1 432 , 813793, 437.313
37 257 395 432 453 0 3 222 2 1 , 813793, 442.212
37 0 1 257 432 222 395 453 2 3 , 813793, 426.009
453 3 0 2 222 36 410 1 37 311 , 810272, 435.396
1 3 2 453 222 395 37 257 432 0 , 813793, 436.417
311 453 37 3 2 36 0 410 222 1 , 810272, 431.916
1 37 36 3 0 2 222 410 311 453 , 810272, 432.203
0 222 453 2 1 37 410 36 3 311 , 810272, 415.57
37 395 0 3 2 432 257 222 1 453 , 813793, 436.33
1 37 432 3 453 0 222 395 2 257 , 813793, 434.687
37 453 432 395 1 257 3 0 2 222 , 813793, 437.647
395 1 4 432 257 3 2 0 113 37 , 808584, 434.195
1 453 257 37 0 395 2 432 3 222 , 813793, 417.862
453 1 2 395 37 0 3 222 257 432 , 813793, 436.343
1 257 395 3 453 37 432 2 0 222 , 813793, 440.263
2 453 0 3 222 1 395 37 432 257 , 813793, 439.58
3 222 410 453 311 1 36 0 2 37 , 810272, 432.978
453 2 37 222 395 3 257 432 0 1 , 813793, 433.015
1 36 311 222 453 3 37 0 2 410 , 810272, 432.623
1 3 311 2 0 36 410 37 222 453 , 810272, 433.228
261 37 113 394 3 0 1 4 2 432 , 808557, 427.409
0 410 36 311 222 453 37 2 3 1 , 810272, 440.764
222 432 0 2 453 3 1 395 257 37 , 813793, 422.114
37 2 410 1 311 0 36 453 3 222 , 810272, 435.001
36 453 311 3 0 410 222 2 37 1 , 810272, 435.367
2 395 257 1 453 37 0 222 3 432 , 813793, 439.856
37 2 257 432 222 1 453 0 3 395 , 813793, 441.633
432 37 222 395 2 3 257 453 1 0 , 813793, 439.674
222 432 257 2 3 37 395 1 453 0 , 813793, 435.463
37 1 3 395 432 222 257 453 2 0 , 813793, 443.143
222 0 37 395 432 453 3 2 1 257 , 813793, 434.006
2 0 3 432 37 395 1 257 222 453 , 813793, 438.044
261 2 4 37 432 1 3 394 113 0 , 808557, 441.025
453 2 37 395 432 257 222 1 0 3 , 813793, 435.34
410 0 36 2 1 311 453 3 222 37 , 810272, 436.95
0 453 222 37 1 3 2 257 432 395 , 813793, 433.062
1 395 222 37 3 0 432 2 453 257 , 813793, 437.202
257 3 1 4 432 113 0 2 37 395 , 808584, 439.365
1 222 0 311 453 36 3 2 410 37 , 810272, 439.286
395 257 3 0 1 432 453 2 37 222 , 813793, 428.253
222 410 1 3 311 37 0 36 2 453 , 810272, 431.74
453 0 37 257 395 3 2 222 1 432 , 813793, 436.04
203 36 286 1 113 2 37 432 4 0 , 801099, 444.423
37 0 2 453 3 222 432 1 257 395 , 813793, 439.655
1 395 3 222 0 2 453 432 257 37 , 813793, 443.249
2 36 222 410 311 453 37 1 0 3 , 810272, 428.55
410 0 2 37 222 453 36 1 3 311 , 810272, 431.888