311 0 1 37 3 410 453 2 36 222 , 810272, 40.648
0 453 2 36 3 1 222 37 410 311 , 810272, 40.5977
37 453 0 432 395 222 257 1 2 3 , 813793, 40.5023
37 453 1 410 0 222 2 311 36 3 , 810272, 41.4746
257 432 1 2 3 453 222 0 395 37 , 813793, 40.5803
3 453 36 311 37 1 0 2 222 410 , 810272, 40.4168
37 0 3 2 432 1 222 453 257 395 , 813793, 41.5012
410 3 2 1 37 453 222 0 36 311 , 810272, 39.8951
453 3 0 2 222 432 395 257 37 1 , 813793, 40.5137
395 37 453 1 222 257 432 2 0 3 , 813793, 41.2686
0 4 1 2 37 257 113 3 395 432 , 808584, 39.6939
4 432 2 113 0 3 395 257 1 37 , 808584, 40.1606
410 311 222 3 37 1 2 36 453 0 , 810272, 40.3652
222 0 2 3 257 37 453 1 395 432 , 813793, 41.2391
37 2 257 0 3 432 395 453 1 222 , 813793, 40.8683
311 453 2 410 37 3 222 1 0 36 , 810272, 40.3946
311 3 2 36 0 453 222 37 410 1 , 810272, 40.6051
0 432 222 395 37 3 2 257 453 1 , 813793, 41.0843
0 3 395 222 257 2 453 37 1 432 , 813793, 40.623
2 0 3 257 395 432 37 1 453 222 , 813793, 40.5105
410 37 4 0 36 1 113 3 2 311 , 805496, 39.5489
3 257 432 2 395 453 222 37 0 1 , 813793, 40.5987
3 1 453 432 37 395 0 2 222 257 , 813793, 40.4024
2 3 311 410 222 1 0 36 37 453 , 810272, 39.7602
3 222 395 453 0 1 2 37 432 257 , 813793, 40.3125
432 0 395 453 222 1 3 257 37 2 , 813793, 41.3172
3 1 432 37 0 222 257 395 453 2 , 813793, 40.921
395 257 3 222 2 0 453 1 432 37 , 813793, 41.1765
2 37 432 395 1 257 0 3 453 222 , 813793, 42.0388
3 432 0 37 453 222 257 395 1 2 , 813793, 41.0855
2 222 432 37 257 0 453 395 3 1 , 813793, 40.7595
0 1 36 222 311 3 453 37 410 2 , 810272, 40.6774
311 410 37 222 3 0 36 2 1 453 , 810272, 39.8712
1 0 37 432 4 113 395 257 2 3 , 808584, 39.9571
432 222 453 2 3 257 1 37 395 0 , 813793, 41.241
453 0 432 222 395 1 2 3 257 37 , 813793, 41.2184
37 0 113 2 1 36 4 311 410 3 , 805496, 39.3931
1 37 222 311 0 2 3 410 36 453 , 810272, 39.6615
0 453 1 395 257 2 37 3 432 222 , 813793, 40.4804
222 453 432 2 1 257 0 37 3 395 , 813793, 40.3343
257 222 0 1 37 3 2 453 395 432 , 813793, 40.058
395 257 37 2 432 222 1 3 453 0 , 813793, 40.798
432 261 4 113 3 0 1 394 37 2 , 808557, 40.442
1 0 453 432 2 257 395 222 3 37 , 813793, 40.4541
0 257 3 2 1 453 222 432 37 395 , 813793, 40.3595
2 1 37 222 311 453 36 410 0 3 , 810272, 40.4268
453 37 0 3 395 1 257 432 222 2 , 813793, 41.1782
1 453 222 37 2 0 432 257 3 395 , 813793, 39.8429
222 0 2 3 432 1 37 257 453 395 , 813793, 40.9947
453 257 395 222 1 37 432 0 2 3 , 813793, 40.799
453 432 3 1 257 37 2 395 0 222 , 813793, 40.4616
453 0 222 1 36 311 410 37 2 3 , 810272, 41.2773
2 37 261 432 4 0 113 394 3 1 , 808557, 40.0725
453 395 257 37 3 222 0 432 2 1 , 813793, 41.081
37 222 2 453 0 3 257 395 432 1 , 813793, 41.058
1 4 311 36 37 2 3 0 113 410 , 805496, 39.606
222 1 0 257 3 432 2 453 395 37 , 813793, 41.3921
3 410 36 222 453 0 2 37 1 311 , 810272, 40.3339
1 410 222 37 2 36 3 453 311 0 , 810272, 40.3587
2 453 395 0 432 1 222 37 257 3 , 813793, 41.6135
432 453 257 0 37 2 3 1 222 395 , 813793, 40.6871
3 311 453 37 222 1 36 410 2 0 , 810272, 40.5373
2 222 3 37 432 257 395 0 453 1 , 813793, 43.2847
3 37 394 432 4 2 113 0 1 261 , 808557, 39.8767
3 432 453 2 0 1 395 37 257 222 , 813793, 40.4789
1 257 432 222 453 3 395 2 37 0 , 813793, 41.0934
1 453 3 257 432 2 0 222 395 37 , 813793, 40.5765
1 3 432 395 0 222 2 453 37 257 , 813793, 40.3061
2 37 1 311 222 0 36 3 410 453 , 810272, 40.2878
222 2 37 1 410 0 311 36 3 453 , 810272, 40.7584
3 2 453 222 395 1 0 37 432 257 , 813793, 41.5185
3 453 222 2 1 37 0 432 257 395 , 813793, 40.1624
37 222 0 395 1 432 2 453 3 257 , 813793, 41.4339
222 257 1 37 3 2 453 432 395 0 , 813793, 40.7666
2 1 3 432 222 257 395 37 0 453 , 813793, 40.5336
1 0 222 432 37 3 395 257 2 453 , 813793, 39.9017
222 2 37 1 257 432 453 3 0 395 , 813793, 40.8687
395 0 432 3 257 2 453 1 37 222 , 813793, 41.1366
257 1 3 37 222 453 395 432 2 0 , 813793, 40.7217
0 3 1 395 37 257 432 2 222 453 , 813793, 40.771
0 222 311 1 37 36 3 2 453 410 , 810272, 41.9584
1 2 3 432 0 453 395 257 37 222 , 813793, 40.6148
4 36 2 1 286 203 0 432 113 37 , 801099, 41.3035
453 0 37 1 395 3 257 432 2 222 , 813793, 40.6254
2 3 410 37 453 222 311 36 1 0 , 810272, 40.2658
395 0 453 1 222 37 257 432 2 3 , 813793, 41.3863
2 3 1 222 36 0 37 410 311 453 , 810272, 39.5224
36 410 3 2 311 222 1 0 37 453 , 810272, 39.8887
3 1 395 37 257 2 222 432 453 0 , 813793, 41.2262
3 222 395 0 257 2 432 1 453 37 , 813793, 41.2694
36 37 453 222 0 3 410 2 311 1 , 810272, 41.0751
453 410 2 311 36 1 37 0 3 222 , 810272, 39.8748
2 1 432 395 222 3 37 453 257 0 , 813793, 40.6826
0 453 395 257 37 432 2 3 222 1 , 813793, 41.3696
395 2 3 453 0 1 257 432 37 222 , 813793, 40.6467
395 3 432 222 1 0 453 37 2 257 , 813793, 40.4915
222 395 1 432 2 3 0 453 257 37 , 813793, 40.3256
286 1 36 37 113 432 203 2 4 0 , 801099, 40.4262
3 222 1 36 2 311 453 0 410 37 , 810272, 40.5326
3 453 395 1 257 2 432 0 222 37 , 813793, 40.9275