38 0 3 2 29 4 1 5 7 6 , 917743, 72, 45.305
0 5 1 4 30 29 3 9 6 20 , 852608, 89, 44.702
13 3 5 1 2 29 10 0 4 27 , 906951, 85, 44.9855
3 0 1 2 38 29 9 6 5 4 , 919697, 129, 45.023
29 5 38 0 1 4 2 9 6 3 , 919697, 66, 44.3792
4 3 0 2 29 27 6 1 30 5 , 913874, 63, 44.2513
4 1 7 0 29 5 3 38 6 2 , 917743, 63, 44.076
29 30 11 3 1 5 4 0 2 31 , 910350, 91, 44.3237
4 6 0 29 25 38 5 3 1 2 , 910895, 59, 44.8
4 5 3 0 29 11 30 9 2 1 , 918995, 71, 44.1885
4 9 5 15 29 2 0 1 30 3 , 912914, 60, 44.2187
4 1 5 38 7 0 29 2 3 11 , 915055, 62, 44.1821
5 1 8 27 29 2 3 9 0 4 , 912705, 61, 43.8936
3 5 29 11 2 1 12 6 4 0 , 917839, 69, 44.1003
29 5 1 9 3 7 11 2 4 0 , 918883, 73, 44.514
11 0 2 13 1 4 14 5 3 29 , 909960, 64, 44.1454
8 2 3 4 5 30 29 27 1 0 , 907877, 85, 44.3932
2 6 1 5 3 29 0 38 7 4 , 917743, 89, 45.5187
2 9 13 29 0 27 4 498 1 3 , 895015, 69, 44.2712
5 4 29 3 2 6 7 1 11 0 , 919847, 73, 44.1935
11 4 1 13 5 2 0 29 30 3 , 912016, 66, 43.9563
11 2 3 30 6 1 0 5 4 29 , 918380, 82, 44.0526
2 0 8 1 5 29 3 11 27 4 , 907197, 73, 44.4424
2 29 27 1 4 13 5 3 9 0 , 915167, 73, 43.9422
1 5 4 29 13 8 0 7 11 3 , 848109, 78, 44.783
0 11 6 3 29 5 1 4 2 31 , 913155, 74, 44.746
1 4 9 0 386 11 179 2 5 6 , 879003, 68, 44.0082
6 29 9 2 1 7 0 38 4 11 , 862703, 53, 44.7553
0 4 11 5 2 1 6 9 421 7 , 882053, 58, 43.316
2 4 1 0 25 29 11 30 5 3 , 910273, 94, 45.1587
9 5 29 2 3 4 0 7 1 38 , 916779, 81, 44.5477
2 5 38 3 1 4 29 0 8 10 , 904617, 73, 45.4955
38 3 29 0 6 4 2 1 5 11 , 916393, 68, 44.1132
37 4 29 1 3 0 5 14 2 38 , 903285, 69, 44.1989
9 4 29 5 6 2 3 1 0 38 , 919697, 78, 44.3687
8 29 5 4 0 2 9 1 3 38 , 913702, 83, 44.1728
4 5 29 3 8 1 6 2 27 0 , 912090, 53, 44.0059
2 13 9 1 8 27 0 4 3 29 , 893466, 64, 44.691
0 9 27 5 2 1 6 3 4 29 , 918699, 85, 44.9149
9 8 4 5 29 0 206 1 2 3 , 909908, 92, 44.7187
0 29 2 38 3 11 7 4 1 5 , 915055, 71, 44.2416
30 27 5 0 1 11 2 3 29 4 , 908781, 53, 43.9934
27 0 4 12 30 1 29 6 2 5 , 873163, 62, 44.0999
4 0 2 13 1 3 5 29 423 9 , 912245, 65, 44.3764
30 2 9 11 5 0 4 1 3 29 , 918995, 63, 44.9349
0 2 22 6 4 42 11 7 3 1 , 895323, 105, 46.3404
38 4 3 2 7 5 15 1 29 0 , 910632, 79, 46.0411
3 1 30 5 4 0 9 29 27 2 , 914489, 81, 46.0832
4 30 2 29 5 27 9 0 1 3 , 914489, 66, 46.2714
2 7 1 4 3 30 29 0 27 8 , 890626, 95, 45.0091
6 5 29 0 3 4 1 38 2 12 , 915735, 89, 44.5528
40 29 7 1 13 27 5 0 2 4 , 867108, 84, 45.1837
4 7 29 0 1 9 30 27 2 5 , 875535, 70, 44.7568
2 0 1 27 8 29 5 9 7 4 , 873918, 93, 44.1731
7 11 3 1 38 4 2 29 0 51 , 888621, 102, 44.672
9 4 29 5 0 11 3 1 20 6 , 855114, 87, 44.0911
2 6 0 4 1 9 29 3 27 5 , 918699, 86, 44.4691
29 0 27 6 30 9 1 2 4 5 , 877910, 76, 44.0084
29 2 0 11 9 3 4 386 1 5 , 916973, 65, 44.6
0 29 3 30 5 1 2 4 9 7 , 915211, 68, 44.0129
3 11 2 0 498 1 4 37 30 29 , 890286, 66, 44.2961
4 2 6 1 30 0 3 29 5 11 , 918380, 82, 43.8807
5 8 11 1 0 30 9 29 2 4 , 877227, 107, 43.7737
4 22 3 340 38 0 2 29 1 7 , 895720, 101, 40.9721
38 29 1 5 0 9 6 4 7 2 , 880742, 76, 40.4788
5 1 13 4 9 2 11 3 421 0 , 917353, 72, 40.9439
5 9 0 38 3 1 6 29 11 4 , 854567, 99, 40.9402
3 6 4 27 1 9 29 5 2 0 , 918699, 69, 40.8641
0 2 11 29 1 3 4 5 7 13 , 916240, 79, 42.5828
30 29 4 0 5 1 2 3 11 13 , 912016, 84, 44.141
0 9 38 1 2 29 6 3 4 5 , 919697, 87, 40.1912
6 31 2 38 0 5 3 1 29 4 , 911051, 68, 41.482
7 38 1 0 2 11 9 4 5 29 , 878053, 63, 40.6769
27 5 3 30 4 0 1 29 9 2 , 914489, 80, 41.1014
4 1 29 5 27 2 3 9 0 7 , 915781, 63, 41.2622
38 1 2 3 4 0 10 5 29 7 , 909722, 71, 41.3292
9 3 1 4 5 0 30 163 387 2 , 911721, 62, 41.1556
1 11 38 5 29 3 16 9 0 4 , 850330, 75, 40.5154
3 1 4 5 0 6 29 38 13 20 , 847231, 101, 42.1255
38 9 3 1 0 11 4 2 5 29 , 917008, 54, 44.2174
1 29 4 11 3 2 30 0 7 6 , 901692, 51, 43.8441
12 70 386 1 2 29 3 5 4 0 , 905149, 78, 44.7236
0 3 11 4 6 1 16 29 5 9 , 855100, 58, 44.3724
2 22 4 0 9 38 3 11 1 29 , 905830, 69, 44.1318
0 9 2 5 4 6 38 29 1 3 , 919697, 70, 44.576
1 3 30 29 2 4 11 9 0 6 , 903646, 61, 44.2218
3 38 1 11 5 0 9 29 25 4 , 846460, 65, 44.2742
5 12 11 29 0 8 4 3 2 1 , 911845, 60, 44.4987
11 3 4 29 9 5 0 30 1 2 , 918995, 51, 43.2799
5 2 7 3 38 0 387 9 1 4 , 915249, 74, 44.6801
9 4 3 5 29 6 2 1 386 0 , 916403, 64, 45.0228
30 3 4 6 0 2 11 29 1 5 , 918380, 72, 43.9419
5 4 29 1 6 483 0 38 3 2 , 908401, 96, 44.2258
1 4 6 9 29 27 3 2 5 0 , 918699, 70, 44.0141
11 20 0 1 7 5 4 29 12 3 , 849505, 80, 43.9997
29 9 30 5 3 4 1 0 2 27 , 914489, 75, 44.9753
4 0 12 1 29 7 5 38 6 16 , 811961, 77, 44.1916
3 2 9 29 0 4 5 1 11 30 , 918995, 72, 44.4682
5 27 1 4 29 2 7 3 0 13 , 913214, 91, 44.3214
4 38 3 8 29 2 6 1 5 0 , 913087, 69, 45.2201