11 2 9 3 0 1 6 5 4 29 , 921800, 517.353
11 2 9 3 0 1 6 5 4 29 , 921800, 518.152
11 2 9 3 0 1 6 5 4 29 , 921800, 519.134
11 2 9 3 0 1 6 5 4 29 , 921800, 519.319
11 2 9 3 0 1 6 5 4 29 , 921800, 520.252
11 2 9 3 0 1 6 5 4 29 , 921800, 520.685
11 2 9 3 0 1 6 5 4 29 , 921800, 520.971
9 11 421 0 3 1 6 4 5 2 , 921007, 532.681
0 29 5 9 1 2 6 4 11 3 , 921800, 529.443
0 29 5 9 1 2 6 4 11 3 , 921800, 530.24
0 29 5 9 1 2 6 4 11 3 , 921800, 531.814
0 29 5 9 1 2 6 4 11 3 , 921800, 532.999
3 2 9 0 4 5 11 29 6 1 , 921800, 509.66
1 11 0 4 29 5 2 9 6 3 , 921800, 513.435
4 0 2 3 11 29 9 1 5 6 , 921800, 514.754
4 0 2 3 11 29 9 1 5 6 , 921800, 514.764
6 1 29 0 3 4 11 2 9 5 , 921800, 522.838
11 2 3 9 29 6 4 5 0 1 , 921800, 515.797
6 1 29 0 3 4 11 2 9 5 , 921800, 524.409
0 11 5 1 3 29 6 9 4 2 , 921800, 529.302
29 4 9 0 6 2 11 5 3 1 , 921800, 519.312
2 29 11 6 9 5 1 3 0 4 , 921800, 523.755
9 6 1 4 5 0 29 2 11 3 , 921800, 532.561
9 3 4 11 6 2 1 29 0 5 , 921800, 532.478
3 29 9 5 6 11 0 2 1 4 , 921800, 509.252
11 4 0 2 6 3 9 29 5 1 , 921800, 526.116
6 3 9 0 11 5 4 29 1 2 , 921800, 514.036
5 29 2 4 0 3 6 1 9 11 , 921800, 528.834
5 29 2 4 0 3 6 1 9 11 , 921800, 528.491
9 1 0 4 2 29 6 3 11 5 , 921800, 514.415
3 4 6 11 9 29 2 5 0 1 , 921800, 509.991
2 3 6 5 29 0 1 4 9 11 , 921800, 519.83
11 5 29 9 2 0 6 1 3 4 , 921800, 514.388
9 0 5 4 6 421 11 3 2 1 , 921007, 536.061
2 29 0 5 11 6 9 3 1 4 , 921800, 517.019
9 0 5 4 6 421 11 3 2 1 , 921007, 537.83
0 1 5 6 9 29 4 2 11 3 , 921800, 511.6
4 11 29 0 6 3 1 5 2 9 , 921800, 516.105
9 0 5 6 2 1 11 3 4 29 , 921800, 518.768
1 29 0 6 11 2 9 3 4 5 , 921800, 514.952
1 29 0 6 11 2 9 3 4 5 , 921800, 515.697
0 4 1 29 9 5 6 3 11 2 , 921800, 518.47
0 4 1 29 9 5 6 3 11 2 , 921800, 518.683
3 1 4 5 9 29 11 6 0 2 , 921800, 511.237
0 11 29 9 3 4 6 5 2 1 , 921800, 513.437
2 4 6 9 0 1 3 5 11 29 , 921800, 514.041
9 11 0 29 4 3 1 6 2 5 , 921800, 517.371
11 5 0 4 421 9 1 3 2 6 , 921007, 537.083
2 29 4 5 1 11 6 3 0 9 , 921800, 514.14
0 2 4 9 6 29 11 5 3 1 , 921800, 519.533
3 5 0 9 2 6 11 29 1 4 , 921800, 514.45
4 3 1 2 11 6 29 0 9 5 , 921800, 512.39
4 3 5 29 2 9 6 11 1 0 , 921800, 521.238
9 0 3 11 5 1 29 6 2 4 , 921800, 514.031
9 4 6 3 29 1 0 5 2 11 , 921800, 524.633
9 4 6 3 29 1 0 5 2 11 , 921800, 524.669
9 0 3 11 5 1 29 6 2 4 , 921800, 516.058
6 9 1 0 11 5 4 29 2 3 , 921800, 519.327
6 2 3 0 1 9 29 4 11 5 , 921800, 518.232
9 29 4 6 0 5 2 1 11 3 , 921800, 513.839
2 4 9 6 1 29 11 0 5 3 , 921800, 517.912
1 9 2 4 6 29 0 11 5 3 , 921800, 511.109
4 11 0 9 2 5 29 6 1 3 , 921800, 512.45
5 29 2 1 11 4 0 9 3 6 , 921800, 524.99
1 11 3 4 9 29 2 0 5 6 , 921800, 519.165
1 11 3 4 9 29 2 0 5 6 , 921800, 519.784
3 9 5 4 1 6 11 0 2 29 , 921800, 527.52
11 29 6 0 9 1 4 3 5 2 , 921800, 529.822
29 11 9 6 5 1 3 0 4 2 , 921800, 527.824
5 4 3 6 11 1 2 0 9 29 , 921800, 519.792
9 0 11 29 2 4 5 1 3 6 , 921800, 511.597
9 2 0 29 5 11 3 4 1 6 , 921800, 532.242
11 4 6 5 9 29 0 1 2 3 , 921800, 528.165
2 9 5 3 11 0 6 1 4 29 , 921800, 513.785
29 2 6 5 4 9 1 3 11 0 , 921800, 512.508
11 3 0 4 29 5 9 6 1 2 , 921800, 523.322
5 6 29 1 4 11 9 3 0 2 , 921800, 519.178
6 4 3 29 0 5 2 9 1 11 , 921800, 519.032
4 3 9 29 5 11 6 1 2 0 , 921800, 510.668
0 6 2 4 11 1 3 5 29 9 , 921800, 518.836
2 11 6 9 0 1 4 5 3 29 , 921800, 518.317
2 4 11 1 5 9 29 0 3 6 , 921800, 521.562
4 5 1 29 3 9 6 11 2 0 , 921800, 515.807
5 2 4 11 3 1 29 6 0 9 , 921800, 524.399
2 3 5 29 0 1 9 6 4 11 , 921800, 521.18
11 3 5 9 2 1 4 6 29 0 , 921800, 519.487
3 0 2 9 1 5 29 11 4 6 , 921800, 522.512
11 1 0 5 9 29 3 4 2 6 , 921800, 523.719
0 4 5 2 3 29 9 11 1 6 , 921800, 510.675
11 5 9 6 3 29 1 4 0 2 , 921800, 517.796
5 29 3 9 4 11 0 6 2 1 , 921800, 518.644
6 1 2 29 4 11 3 9 5 0 , 921800, 524.71
9 2 3 27 6 4 1 0 29 5 , 918699, 512.814
1 3 5 11 6 2 0 29 9 4 , 921800, 517.51
9 1 3 0 5 6 29 2 11 4 , 921800, 527.763
4 5 9 11 0 6 3 2 1 421 , 921007, 528.933
5 2 3 29 9 6 4 11 1 0 , 921800, 516.279
4 3 1 11 0 2 9 29 6 5 , 921800, 518.194
11 2 3 0 4 6 1 5 29 9 , 921800, 513.763
0 1 11 5 9 29 6 2 3 4 , 921800, 522.711