453 568 3 2 1 0 432 395 222 615 , 817965, 1946.97
222 568 3 432 615 395 0 2 453 1 , 817965, 1965.73
222 538 568 453 2 1 682 0 943 432 , 803775, 1989.77
2 568 432 0 615 1 453 395 3 222 , 817965, 1997.42
222 568 3 432 615 395 0 2 453 1 , 817965, 1997.91
222 538 568 453 2 1 682 0 943 432 , 803775, 2014.61
453 568 3 2 1 0 432 395 222 615 , 817965, 2025.11
2 568 432 0 615 1 453 395 3 222 , 817965, 2033.63
2 568 432 0 615 1 453 395 3 222 , 817965, 2045.4
2 568 432 0 615 1 453 395 3 222 , 817965, 2073.46
2 568 432 0 615 1 453 395 3 222 , 817965, 2077.99
222 538 568 453 2 1 682 0 943 432 , 803775, 2110.38
3 395 453 222 2 568 0 1 615 432 , 817965, 2077.72
568 432 453 1 395 2 222 3 0 615 , 817965, 2040.09
222 432 0 568 453 1 395 615 2 3 , 817965, 2011.38
1 2 453 0 568 395 615 432 222 3 , 817965, 2062.25
0 615 2 395 453 1 432 4 568 222 , 816200, 2078.2
2 453 395 1 3 0 615 222 568 432 , 817965, 2148.2
2 453 0 222 3 568 395 615 432 1 , 817965, 2016.62
2 453 0 568 615 222 395 3 1 432 , 817965, 2083.6
1 568 2 222 0 682 311 3 453 817 , 814685, 2107.33
568 222 3 2 615 432 1 453 0 395 , 817965, 2080.32
222 453 615 568 2 395 0 432 3 1 , 817965, 2152.62
222 0 453 2 615 432 3 568 1 395 , 817965, 2138.27
0 395 2 453 1 615 568 432 222 3 , 817965, 2011.73
3 568 222 311 453 1 2 682 0 817 , 814685, 1989.11
1 3 395 432 615 0 2 222 568 453 , 817965, 2043.91
395 432 0 615 3 1 568 222 2 453 , 817965, 1980.65
222 2 1 432 969 817 568 0 682 453 , 812243, 2108.85
395 615 432 222 568 1 0 3 453 2 , 817965, 2131.29
1 2 222 3 0 615 453 432 568 395 , 817965, 2038.95
1 3 395 568 2 0 222 432 453 615 , 817965, 2060.38
222 3 0 568 453 615 2 395 432 1 , 817965, 2089.12
3 395 222 432 1 615 453 568 0 2 , 817965, 2084.49
568 3 453 2 0 432 1 222 395 615 , 817965, 2083.89
395 0 615 432 568 222 1 453 2 3 , 817965, 2076.37
3 2 568 615 453 0 395 222 1 432 , 817965, 1908.48
395 453 568 615 432 2 3 222 0 1 , 817965, 1922.1
1 2 453 615 0 568 432 3 395 222 , 817965, 1925.06
1 2 453 615 0 568 432 3 395 222 , 817965, 1935.28
2 0 1 222 3 453 568 615 432 395 , 817965, 1930.47
395 453 568 615 432 2 3 222 0 1 , 817965, 1942.64
1 2 453 615 0 568 432 3 395 222 , 817965, 1954.21
2 0 1 222 3 453 568 615 432 395 , 817965, 1949.13
1 2 453 615 0 568 432 3 395 222 , 817965, 1968.55
568 222 2 817 453 0 682 3 1 311 , 814685, 1971.28
395 453 568 615 432 2 3 222 0 1 , 817965, 1978.97
568 222 2 817 453 0 682 3 1 311 , 814685, 1978.42
737 1 568 0 3 817 2 222 432 453 , 817273, 1994.38
2 0 1 222 3 453 568 615 432 395 , 817965, 1984.92
737 1 568 0 3 817 2 222 432 453 , 817273, 2055.22
1 2 453 615 0 568 432 3 395 222 , 817965, 2051.49
113 0 943 1 568 432 3 615 2 4 , 812873, 2053.79
737 1 568 0 3 817 2 222 432 453 , 817273, 2074.83
737 1 568 0 3 817 2 222 432 453 , 817273, 2120.55
453 568 0 311 682 222 2 3 817 1 , 814685, 2159.66
222 1 395 2 3 568 0 615 432 453 , 817965, 1958.48
3 568 2 615 432 1 395 0 453 222 , 817965, 1948.91
222 1 432 395 2 453 0 3 615 568 , 817965, 1955.14
432 3 615 0 222 2 395 453 1 568 , 817965, 1951.63
568 453 2 432 395 615 1 3 222 0 , 817965, 1966.81
432 3 2 1 568 222 0 453 615 395 , 817965, 1932.98
0 222 453 2 3 432 615 1 568 395 , 817965, 2005.31
615 568 0 453 2 222 432 1 3 395 , 817965, 1947.73
2 0 222 311 817 3 682 1 568 453 , 814685, 1978.63
0 453 432 568 3 395 222 615 1 2 , 817965, 1993.11
960 432 682 1 568 222 2 825 538 0 , 804290, 2055.7
817 3 568 682 4 1 2 0 311 113 , 809922, 2020.74
3 395 2 453 615 0 432 222 1 568 , 817965, 1973.03
568 432 222 615 3 395 2 1 0 453 , 817965, 1996.57
432 2 615 1 568 222 0 453 395 3 , 817965, 2091.9
2 3 0 432 568 615 1 222 395 453 , 817965, 2050.23
222 1 432 395 2 453 0 3 615 568 , 817965, 2205.71
395 3 568 222 2 432 0 1 615 453 , 817965, 2095.14
568 2 432 0 453 1 3 222 395 615 , 817965, 2182.44
682 453 969 1 222 817 568 3 432 0 , 799679, 2121.64
395 615 0 2 3 1 432 568 222 453 , 817965, 1903.15
3 1 817 568 311 453 222 0 682 2 , 814685, 1945.9
395 3 615 222 1 568 453 432 0 2 , 817965, 1969.25
568 3 943 0 2 1 615 432 113 4 , 812873, 1906.28
2 1 432 453 3 222 615 0 568 395 , 817965, 1944.78
568 615 2 3 395 113 432 4 0 1 , 812756, 1846.3
2 1 432 453 3 222 615 0 568 395 , 817965, 1968.18
453 3 1 432 0 222 568 615 395 2 , 817965, 1928.82
2 1 0 395 432 615 568 3 453 222 , 817965, 1963.8
1 615 222 3 395 453 432 568 0 2 , 817965, 1973.27
3 1 615 222 0 395 432 2 453 568 , 817965, 2042.94
615 395 1 2 432 222 0 568 453 3 , 817965, 1960.95
2 1 395 0 568 615 3 453 222 432 , 817965, 2038.13
0 432 395 615 2 1 3 568 453 222 , 817965, 1892.57
1 2 3 395 615 453 568 222 0 432 , 817965, 2103
0 453 2 222 1 615 432 395 568 3 , 817965, 2022.58
453 222 395 432 3 0 2 568 615 1 , 817965, 2008.43
432 615 3 453 2 0 222 1 395 568 , 817965, 2120.47
2 568 3 0 682 453 311 1 222 817 , 814685, 2148.16
615 3 432 2 395 222 453 568 1 0 , 817965, 2158.42
432 568 395 3 0 1 615 2 222 453 , 817965, 2032.66
432 568 395 3 0 1 615 2 222 453 , 817965, 2066.45
2 1 0 453 3 395 432 222 615 568 , 817965, 2039.54
3 615 453 222 432 568 2 395 1 0 , 817965, 2142.15