2 432 222 395 737 453 568 3 0 1 , 817826, 437.788
2 432 222 395 737 453 568 3 0 1 , 817826, 438.626
222 432 453 568 3 0 2 395 615 1 , 817965, 442.23
222 432 453 568 3 0 2 395 615 1 , 817965, 442.373
222 432 453 568 3 0 2 395 615 1 , 817965, 444.256
222 432 453 568 3 0 2 395 615 1 , 817965, 444.255
2 432 222 395 737 453 568 3 0 1 , 817826, 441.884
2 432 222 395 737 453 568 3 0 1 , 817826, 442.141
568 453 3 2 682 410 0 1 311 222 , 811696, 459.127
222 432 453 568 3 0 2 395 615 1 , 817965, 461.543
222 432 453 568 3 0 2 395 615 1 , 817965, 461.899
222 432 453 568 3 0 2 395 615 1 , 817965, 462.139
2 453 568 432 222 615 0 3 395 1 , 817965, 447.747
682 568 1 968 2 538 0 825 222 960 , 801194, 453.802
222 3 395 453 800 615 1 432 0 2 , 817823, 458.591
222 3 395 453 800 615 1 432 0 2 , 817823, 458.882
432 817 568 222 0 453 3 1 737 2 , 817273, 458.136
432 817 568 222 0 453 3 1 737 2 , 817273, 458.286
432 817 568 222 0 453 3 1 737 2 , 817273, 459.214
432 817 568 222 0 453 3 1 737 2 , 817273, 460.394
395 3 1 0 432 453 615 2 568 222 , 817965, 472.733
3 311 0 334 1 568 36 817 222 2 , 811841, 480.659
3 311 0 334 1 568 36 817 222 2 , 811841, 480.697
3 311 0 334 1 568 36 817 222 2 , 811841, 481.968
3 2 1 432 737 453 568 395 0 222 , 817826, 434.809
432 3 222 2 395 568 0 615 1 960 , 817494, 452.178
395 615 568 0 3 432 222 1 2 453 , 817965, 441.612
453 0 1 3 568 615 432 222 395 2 , 817965, 450.715
395 615 568 0 3 432 222 1 2 453 , 817965, 442.173
615 3 1 800 222 960 0 395 432 2 , 817352, 451.969
453 615 0 432 2 1 222 395 568 3 , 817965, 455.497
453 615 0 432 2 1 222 395 568 3 , 817965, 456.365
222 453 800 682 311 0 1 817 3 2 , 814543, 468.928
2 222 453 432 3 1 737 0 568 817 , 817273, 473.852
960 0 432 3 1 222 568 2 615 395 , 817494, 481.012
960 0 432 3 1 222 568 2 615 395 , 817494, 481.288
0 1 222 2 395 615 3 453 568 432 , 817965, 444.685
0 1 222 2 395 615 3 453 568 432 , 817965, 446.934
2 432 453 395 3 0 222 1 568 615 , 817965, 454.418
453 0 538 682 2 568 1 222 432 943 , 803775, 457.128
568 2 0 395 432 3 1 615 453 222 , 817965, 445.431
2 395 3 453 432 615 1 858 568 0 , 817722, 458.123
615 568 395 1 453 3 0 2 432 222 , 817965, 452.504
615 3 453 432 222 2 1 568 395 0 , 817965, 456.743
0 615 2 568 432 395 3 222 1 453 , 817965, 477.772
432 615 3 0 453 568 1 395 222 2 , 817965, 465.186
0 568 2 3 960 737 222 432 1 395 , 817355, 474.922
311 1 817 568 222 453 2 3 682 0 , 814685, 482.78
839 960 1 432 222 2 615 568 0 3 , 815843, 439.804
682 817 453 3 1 2 311 568 0 222 , 814685, 432.99
432 4 0 3 1 568 737 817 113 2 , 812510, 438.092
2 3 568 395 1 453 432 222 0 615 , 817965, 442.692
395 0 432 222 568 615 2 1 453 3 , 817965, 457.45
395 0 432 222 568 615 2 1 453 3 , 817965, 457.679
568 682 969 0 817 453 2 432 222 1 , 812243, 466.08
858 737 432 3 1 568 0 395 453 2 , 817583, 459.847
2 0 1 568 3 737 453 432 222 395 , 817826, 463.541
222 0 2 453 568 311 395 682 3 1 , 811602, 478.296
1 960 0 395 432 568 2 969 36 222 , 807474, 470.441
432 2 568 1 3 615 222 395 453 0 , 817965, 481.555
3 432 1 453 615 0 2 222 395 568 , 817965, 436.949
1 0 2 36 311 3 222 453 568 817 , 813471, 438.145
568 59 453 737 2 3 0 395 222 1 , 814538, 440.706
2 568 0 453 615 432 395 3 1 222 , 817965, 444.885
2 568 0 453 615 432 395 3 1 222 , 817965, 446.146
682 3 222 0 1 395 311 453 2 568 , 811602, 453.456
0 222 395 2 1 453 634 432 568 3 , 814338, 443.573
568 0 1 222 615 3 432 2 453 395 , 817965, 457.265
222 968 453 3 395 0 2 1 615 568 , 815034, 471.589
453 568 222 432 2 3 0 1 395 615 , 817965, 460.122
960 568 432 3 858 615 395 1 2 0 , 817251, 471.825
222 1 3 432 568 615 0 2 453 395 , 817965, 473.138
1 615 395 960 2 222 432 0 3 568 , 817494, 438.846
453 0 311 858 410 3 682 568 2 1 , 811453, 454.214
453 395 2 432 1 568 222 615 0 3 , 817965, 451.307
395 960 568 2 3 0 1 432 615 222 , 817494, 438.675
395 615 432 3 0 222 2 453 1 568 , 817965, 453.575
615 113 943 2 1 568 3 432 4 0 , 812873, 454.845
817 2 222 1 513 568 311 682 3 0 , 813018, 469.996
453 3 432 1 615 222 395 568 2 0 , 817965, 462.484
2 432 395 222 568 615 1 3 453 0 , 817965, 472.271
568 0 453 817 682 311 2 222 3 1 , 814685, 478.658
1 453 3 2 395 222 568 0 615 432 , 817965, 469.891
682 0 311 3 453 2 1 800 817 222 , 814543, 482.252
453 682 817 568 311 0 2 222 1 3 , 814685, 455.461
453 3 222 1 682 2 568 817 0 311 , 814685, 442.325
453 3 1 0 2 432 222 395 568 615 , 817965, 436.95
615 0 453 568 395 1 2 3 222 432 , 817965, 451.354
3 395 1 222 0 453 615 432 800 2 , 817823, 456.278
395 0 222 615 453 968 568 3 2 1 , 815034, 454.69
858 395 3 568 0 432 615 2 1 453 , 817722, 440.589
0 568 2 817 222 1 682 3 453 311 , 814685, 454.823
737 432 800 222 1 960 0 395 2 3 , 817212, 480.219
222 615 960 395 1 3 2 432 568 0 , 817494, 466.739
2 615 1 222 453 432 3 568 395 0 , 817965, 479.082
432 395 3 453 568 222 615 1 2 0 , 817965, 460.616
568 222 0 395 615 2 3 453 1 432 , 817965, 441.597
0 395 2 737 568 432 3 222 1 453 , 817826, 447.694
568 3 1 395 2 615 453 222 0 432 , 817965, 455.182
311 2 222 817 0 568 3 453 682 1 , 814685, 453.838